662
5
6
9
14
16
27
30
32
43
44
52
57
64
65
68
77
79
83
93
98
102
119
120
122
125
126
131
133
135
138
140
142
143
144
146
149
155
160
162
163
165
169
170
171
175
178
181
186
190
191
195
198
201
225
228
230
233
234
238
239
240
241
244
245
246
248
263
265
267
268
279
280
285
291
295
311
315
316
317
321
326
328
330
332
336
337
341
349
350
352
357
359
363
365
367
371
377
378
384
385
388
390
392
397
401
402
406
420
422
428
429
432
434
440
441
446
455
460
461
465
468
473
477
478
482
483
488
489
490
491
494
497
499
503
506
508
509
514
519
531
535
539
541
542
552
554
559
564
572
577
579
583
590
591
594
596
597
602
612
613
617
618
625
629
633
638
646
647
651
652
655
656
661
662
668
670
672
673
674
675
684
692
694
707
708
711
712
713
714
720
725
727
731
739
740
744
745
746
749
753
761
764
766
768
772
777
781
783
785
786
787
796
799
802
807
808
812
813
817
823
824
825
826
830
843
846
853
855
860
864
867
872
876
877
880
884
888
893
895
901
904
909
910
920
923
928
932
934
936
940
953
955
957
962
968
969
970
975
984
986
994
996
997
998
1001
1002
1007
1018
1035
1036
1043
1047
1048
1061
1062
1063
1066
1088
1089
1092
1093
1096
1099
1102
1107
1112
1113
1120
1121
1130
1134
1135
1137
1139
1141
1143
1146
1147
1149
1153
1159
1162
1163
1164
1177
1178
1181
1183
1186
1189
1190
1198
1202
1206
1207
1208
1215
1220
1221
1225
1226
1230
1239
1245
1246
1248
1253
1254
1256
1263
1278
1286
1288
1290
1294
1306
1307
1309
1314
1321
1322
1331
1334
1335
1340
1342
1343
1344
1346
1353
1356
1357
1362
1374
1377
1396
1399
1400
1402
1409
1414
1421
1426
1434
1435
1441
1442
1445
1448
1449
1453
1458
1460
1461
1463
1464
1465
1466
1470
1474
1482
1484
1485
1500
1502
1505
1510
1511
1513
1517
1518
1519
1520
1521
1530
1534
1552
1562
1564
1570
1581
1582
1584
1585
1589
1592
1596
1602
1604
1607
1613
1617
1619
1622
1627
1628
1637
1638
1643
1649
1650
1656
1658
1659
1661
1663
1669
1677
1681
1685
1686
1688
1691
1695
1696
1704
1706
1712
1714
1717
1718
1721
1723
1728
1729
1731
1732
1733
1736
1739
1740
1741
1743
1765
1767
1773
1779
1784
1786
1788
1793
1794
1795
1796
1797
1803
1808
1810
1811
1816
1818
1828
1832
1842
1843
1844
1849
1854
1855
1856
1858
1860
1867
1868
1869
1871
1877
1887
1892
1901
1910
1916
1921
1924
1928
1939
1959
1963
1964
1965
1968
1974
1982
1984
1987
1988
1992
1993
1998
2001
2007
2012
2028
2039
2041
2045
2049
2051
2056
2057
2059
2066
2070
2071
2079
2094
2095
2108
2117
2120
2123
2124
2125
2129
2132
2137
2139
2144
2145
2151
2155
2164
2176
2181
2187
2195
2197
2200
2201
2203
2205
2207
2214
2215
2218
2226
2227
2230
2231
2232
2235
2255
2267
2269
2271
2275
2276
2282
2285
2290
2292
2295
2298
2303
2305
2306
2307
2313
2315
2316
2317
2319
2326
2328
2331
2332
2333
2335
2338
2339
2343
2349
2361
2365
2366
2369
2372
2373
2379
2381
2394
2395
2397
2399
2403
2409
2412
2413
2416
2430
2436
2439
2444
2447
2454
2455
2461
2465
2466
2470
2473
2474
2475
2480
2482
2488
2489
2494
2499
2500
2502
2506
2507
2510
2512
2513
2514
2516
2520
2521
2524
2526
2529
2532
2533
2541
2543
2544
2548
2550
2559
2561
2563
2565
2569
2586
2587
2589
2591
2599
2603
2614
20
32
96
99
5
134
7
46
78
110
112
81
146
147
20
23
56
57
122
124
157
