1203
0
23
24
29
32
34
37
40
42
55
58
71
77
78
110
118
120
143
149
150
153
158
162
167
170
171
179
182
183
185
187
192
194
206
239
242
245
254
261
263
269
270
279
288
293
296
297
326
334
344
347
363
383
408
415
422
427
431
436
445
464
467
468
473
493
496
497
510
514
516
519
521
522
523
524
525
531
537
554
555
566
570
587
595
596
600
603
606
607
613
616
617
619
631
632
633
634
635
643
675
676
682
688
699
701
718
719
726
729
733
739
744
747
757
761
762
778
781
785
787
788
790
804
812
822
823
827
839
843
844
846
848
849
854
868
870
876
893
897
905
909
912
916
917
918
923
924
954
959
964
969
971
988
1005
1009
1018
1026
1029
1033
1041
1049
1052
1056
1065
1067
1074
1079
1094
1097
1105
1117
1144
1151
1152
1155
1161
1166
1172
1174
1175
1176
1184
1193
1204
1208
1209
1214
1238
1239
1244
1249
1251
1253
1259
1261
1268
1269
1270
1277
1278
1288
1291
1295
1296
1303
1307
1311
1327
1330
1348
1353
1377
1389
1401
1406
1407
1409
1417
1425
1443
1453
1455
1468
1470
1473
1474
1483
1496
1501
1502
1505
1510
1516
1520
1533
1547
1549
1550
1553
1556
1579
1581
1584
1585
1587
1603
1604
1614
1615
1619
1627
1646
1647
1654
1655
1667
1671
1679
1680
1684
1694
1695
1697
1701
1710
1728
1730
1732
1733
1738
1743
1755
1765
1777
1778
1785
1791
1803
1809
1811
1813
1820
1827
1829
1835
1836
1842
1858
1870
1871
1877
1878
1885
1888
1892
1919
1921
1925
1927
1934
1952
1959
1966
1978
1982
1984
1988
1993
1994
1998
1999
2003
2010
2014
2020
2024
2031
2032
2046
2054
2057
2059
2063
2070
2074
2075
2078
2085
2103
2104
2124
2126
2129
2130
2132
2133
2145
2154
2159
2162
2167
2168
2174
2187
2196
2199
2200
2203
2205
2210
2212
2215
2219
2221
2224
2225
2227
2242
2258
2264
2278
2282
2285
2288
2295
2296
2299
2301
2307
2309
2311
2322
2323
2331
2332
2357
2363
2370
2372
2373
2375
2381
2389
2392
2394
2395
2399
2406
2413
2417
2418
2419
2422
2438
2443
2452
2456
2458
2468
2469
2483
2491
2502
2503
2521
2524
2525
2537
2540
2544
2550
2559
2576
2586
2587
2595
2596
2607
2608
2609
2611
2612
2613
2615
2617
2625
2630
2634
2635
2641
2662
2668
2670
2674
2676
2680
2683
2700
2709
2719
2720
2721
2737
2742
2779
2781
2799
2803
2806
2807
2817
2819
2823
2832
2843
2844
2850
2860
2865
2876
2878
2885
2890
2896
2900
2903
2908
2910
2912
2916
2956
2960
2968
2979
2992
2993
3002
3009
3021
3023
3042
3053
3058
3081
3091
3108
3128
3130
3133
3144
3182
3183
3196
3204
3212
3213
3217
3223
3225
3247
3256
3263
3276
3278
3279
3280
3283
3284
3286
3290
3300
3314
3319
3325
3331
3332
3337
3345
3348
3355
3363
3371
3376
3379
3385
3390
3392
3394
3395
3410
3420
3423
3448
3452
3462
3464
3470
3472
3474
3494
3497
3499
3501
3504
3509
3517
3518
3519
3526
3531
3544
3563
3573
3576
3586
3596
3624
3641
3647
3660
3663
3665
3666
3672
3676
3689
3690
3699
3702
3703
3733
3738
3740
3743
3754
3763
3767
3771
3781
3785
3786
3788
3791
3799
3808
3811
3817
3824
3825
3831
3835
3837
3841
3843
3858
3865
3870
3879
3883
3887
3889
3890
3901
3910
3915
3923
3925
3926
3931
3933
3934
3936
3944
3950
3957
3958
3973
3976
3977
3978
3982
3984
3989
3994
3999
4005
4020
4022
4027
4049
4052
4056
4062
4065
4068
4079
4090
4100
4116
4134
4146
4147
4157
4165
4172
4174
4175
4176
4178
4179
4188
4194
4198
4209
4212
4213
4215
4223
4230
4232
4233
4245
4252
4258
4272
4274
4301
4302
4317
4333
4338
4348
4361
4369
4374
4383
4389
4393
4400
4412
4417
4428
4452
4454
4464
4468
4473
4476
4482
4484
4486
4492
4495
4510
4511
4515
4516
4528
4535
4543
4546
4550
4551
4553
4571
4572
4575
4585
4601
4604
4611
4614
4630
4646
4647
4665
4679
4684
4686
4689
4694
4718
4720
4722
4727
4731
4738
4741
4744
4746
4761
4789
4791
4808
4816
4824
4833
4836
4869
4872
4882
4885
4889
4892
4927
4928
4929
4952
4957
4958
4964
4969
4978
4985
4986
4992
4993
4994
5001
5003
5007
5011
5013
5017
5040
5042
5049
5063
5066
5076
5078
5087
5092
5096
5097
5103
5134
5139
5141
5159
5161
5171
5188
5191
5207
5219
5231
5238
5243
5245
5261
5265
5275
5284
5296
5300
5303
5306
5319
5320
5323
5325
5327
5328
5339
5341
5348
5351
5353
5356
5373
5375
5378
5392
5399
5400
5404
5405
5413
5419
5423
5425
5426
5429
5430
5439
5441
5443
5452
5459
5466
5488
5491
5495
5505
5508
5519
5521
5548
5549
5553
5559
5561
5568
5576
5578
5585
5605
5612
5615
5626
5630
5631
5641
5646
5656
5659
5661
5668
5678
5680
5686
5692
5695
5697
5728
5733
5745
5749
5753
5760
5768
5772
5773
5774
5781
5782
5786
5787
5789
5791
5813
5833
5834
5835
5839
5861
5864
5867
5880
5893
5900
5915
5930
5935
5938
5941
5950
5956
5961
5972
5986
6009
6014
6028
6041
6046
6053
6058
6062
6070
6087
6112
6113
6140
6142
6177
6180
6191
6193
6198
6199
6217
6222
6227
6237
6245
6256
6257
6259
6262
6277
6313
6316
6330
6351
6363
6393
6400
6406
6412
6413
6422
6436
6439
6449
6458
6463
6464
6467
6475
6482
6490
6495
6500
6509
6519
6535
6538
6543
6546
6557
6572
6610
6627
6631
6635
6659
6660
6700
6701
6706
6719
6737
6740
6752
6755
6771
6783
6784
6790
6799
6810
6814
6821
6830
6838
6842
6843
6849
6853
6856
6870
6875
6876
6878
6882
6891
6909
6913
6925
6928
6929
6932
6939
6941
6942
6945
6953
6955
6959
6967
6973
6976
6984
7005
7010
7020
7026
7028
7058
7061
7078
7104
7109
7125
7157
7171
7175
7181
7182
7186
7190
7199
7201
7203
7204
7208
7212
7213
7219
7222
7229
7233
7239
7243
7245
7252
7257
7262
7277
7284
7303
7306
7318
7319
7321
7323
7328
7332
7334
7338
7360
7361
7378
7381
7382
7383
7385
7386
7389
7392
7407
7409
7430
7439
7449
7453
7461
7463
7468
7475
7478
7479
7489
7498
7508
7516
7524
7543
7545
7552
7556
7564
7567
7570
7577
7580
7581
7590
7593
7602
7603
7612
7617
7654
7658
7659
7663
7665
7677
7678
7679
7684
7689
7697
7704
7713
7716
7723
7729
7741
7742
7746
7753
7758
7773
7774
7775
7786
7793
7814
7820
7826
7846
7847
7876
7900
7901
7905
7916
7917
7925
7931
7935
7941
7944
7946
7953
7959
7960
7973
7986
7988
7989
7996
8001
8012
8020
8022
8031
8035
8039
8041
8042
8043
8054
8056
8057
8062
8076
8080
8082
8088
8110
8118
8137
8139
8152
8171
8177
8180
8184
8191
8193
8207
8218
8227
8228
8229
8236
8239
8242
8254
8257
8264
8272
8273
8282
8293
8294
8302
8305
4
16
84
22
175
