585
0
1
6
8
9
10
11
12
13
17
19
20
22
23
24
25
27
28
29
30
31
32
36
38
39
41
45
46
50
51
54
56
57
60
61
66
70
73
78
79
81
82
86
88
89
90
91
94
95
97
99
101
104
105
107
109
110
111
112
113
114
115
117
120
124
125
126
127
129
130
134
138
140
142
143
147
148
150
151
153
155
156
157
159
160
162
164
167
168
169
170
171
172
174
176
177
179
180
181
182
185
188
193
198
199
200
201
203
204
205
208
209
210
211
215
216
217
218
219
221
222
223
224
226
230
231
232
234
236
237
238
241
244
245
246
251
252
255
256
257
258
259
261
264
265
266
267
268
269
272
273
274
277
279
280
281
283
284
287
288
289
290
291
292
293
294
296
299
301
302
303
306
307
308
309
313
314
315
316
322
323
324
325
326
329
330
331
332
335
338
341
342
343
344
345
346
347
348
349
351
352
355
356
359
360
363
364
366
367
368
369
370
373
375
378
379
380
384
385
386
387
389
390
393
394
396
397
398
399
400
402
404
406
407
410
411
412
413
414
415
417
418
419
423
424
427
429
431
434
436
440
442
443
445
448
450
451
452
454
455
457
460
461
462
464
465
466
468
470
472
474
475
476
477
479
484
485
486
487
488
489
490
491
493
495
499
500
501
504
507
508
509
510
515
516
517
518
519
520
522
524
527
528
529
531
534
535
536
538
539
540
542
547
548
551
553
554
557
558
559
560
562
563
565
566
568
571
572
573
576
577
580
582
583
584
585
587
588
589
590
596
598
601
602
603
604
605
606
608
611
612
613
614
615
616
618
619
620
625
627
628
630
631
632
633
634
636
637
638
640
642
643
644
648
650
651
652
653
655
656
657
658
660
661
663
666
667
669
670
671
672
673
674
675
676
677
678
682
683
684
685
690
692
696
697
700
701
702
703
705
708
709
710
711
713
714
716
719
720
721
725
726
729
730
732
733
734
736
739
740
741
742
743
746
747
749
750
751
754
755
756
757
759
762
764
766
767
768
769
773
774
777
778
779
781
783
789
791
792
793
794
799
801
802
804
808
809
811
812
813
814
815
816
817
818
820
824
825
826
828
829
833
834
835
837
838
841
842
846
848
850
851
852
853
854
860
861
862
863
864
867
869
871
872
877
879
880
881
882
883
885
886
888
890
891
893
896
897
899
901
903
904
906
907
908
910
912
914
915
916
921
923
924
925
926
927
929
934
937
939
941
943
944
946
947
948
950
951
952
956
961
962
964
965
970
973
974
976
979
980
983
985
988
989
990
992
994
996
997
998
999
1000
1002
1005
1006
1007
1008
1009
1013
1014
1016
1019
1020
1022
1023
183
0
257
1
258
4
260
5
261
6
262
263
264
8
9
10
267
13
14
15
271
272
16
17
18
275
20
277
21
22
23
280
282
287
31
288
32
34
35
291
292
294
295
40
296
41
297
298
42
43
301
47
48
304
49
306
307
308
52
53
54
310
55
56
312
59
316
60
317
319
320
322
66
323
68
69
71
328
74
75
331
76
78
334
336
80
338
339
340
341
90
349
94
95
351
352
96
98
99
356
100
101
358
105
361
363
365
109
366
368
112
113
370
114
115
371
372
119
120
123
124
127
133
134
135
136
137
138
139
142
144
145
146
149
151
154
157
158
159
160
162
163
164
168
169
174
175
177
178
180
181
184
188
192
193
196
199
200
201
202
204
205
207
210
212
214
216
218
222
223
226
227
228
229
236
237
238
239
240
245
246
249
253
254
