596
7168
7171
5123
3
6147
1028
6149
1029
1032
7178
3082
4107
6159
4112
16
7185
20
2068
7188
3092
7189
7191
5147
2076
1053
6173
5155
3109
7207
5162
5163
7212
2093
5166
7215
5169
1075
1076
52
2105
5177
3131
3132
1086
3137
6210
69
1094
3142
7238
1095
2122
5195
78
7248
6224
4176
80
5205
4181
3159
1112
2137
91
2144
6241
3170
7268
3173
6246
6250
2156
5228
4207
5233
3189
6262
7286
5239
7288
7289
2171
7296
3201
7299
2180
4231
135
2183
2184
139
4237
1167
145
146
7314
2197
3223
1176
153
2201
3226
1178
4254
1182
7327
5282
7330
3236
3239
167
3240
5289
6315
6316
4269
1198
175
177
1201
2225
1204
7350
2230
5303
1211
7355
5307
188
7356
191
5312
4290
3268
2245
2249
5323
3276
6348
204
1230
4304
4305
5329
218
5340
1246
6366
2271
4321
1250
228
1255
3308
2285
4336
4338
3316
1269
3322
250
1275
4349
3326
6400
1282
2306
6406
4359
4360
1290
5389
4365
5390
270
1296
5393
2323
2324
4374
1306
4379
3355
6430
3360
1315
1318
294
3368
297
298
3370
299
2349
5423
3375
3376
2353
1331
5427
4403
4405
2359
4407
6456
2362
2363
315
316
6462
3402
4427
5451
5453
6477
338
3410
343
4439
5463
6489
1372
1380
5478
360
362
6506
364
4462
6511
2416
1393
5489
2417
2418
370
4467
5494
3446
381
5503
6530
4484
4487
4489
6537
6538
4492
6540
4493
1422
5525
1429
3479
410
2458
5532
413
6558
414
415
3488
2465
4515
3495
4521
2474
426
6571
5548
4525
3505
4529
4530
6580
1463
5560
2490
5566
6591
5571
3524
2506
4554
3535
3538
6610
4564
469
4569
2522
474
5594
3547
4573
6622
1503
480
5602
5606
4585
6633
3562
3567
497
6643
2548
501
5623
1528
6648
5625
3578
5627
6652
4605
1535
4608
2561
4612
2564
1541
6663
4615
3593
2572
4623
6673
3602
3603
4627
535
536
4636
3612
6686
2590
3615
4642
2595
1573
3622
5670
551
2599
4649
1584
3632
4657
5682
6706
3634
4660
5688
4665
1597
4669
2624
6720
4673
3650
1602
2627
5699
6724
1605
6725
584
3658
2634
6731
6732
1615
1616
3666
6739
4691
595
2648
608
6753
1642
4717
3695
1648
625
4722
5748
1654
3702
3703
2681
6778
5760
3713
1666
4740
4742
648
2698
5772
1677
2701
3727
6801
5777
5778
2707
4756
1684
3738
5789
6817
674
1699
6820
679
5801
1711
2736
3760
2741
6837
1720
6842
3772
3774
1727
4801
1732
4810
5837
717
719
3791
1744
1745
3794
723
4824
6873
729
4828
6876
735
5857
5859
740
2788
741
4838
3814
2791
1768
744
3818
1771
5867
749
3821
6895
5871
2801
3831
6904
1789
2814
3839
4863
2818
5890
2820
772
4869
4873
780
4876
1807
2831
5904
3856
5906
3860
6938
6941
3869
1822
799
3877
4901
3878
5926
6950
4904
809
4906
811
4908
6956
812
1839
4912
2871
5943
823
824
5945
3898
6976
3905
833
5953
5955
4932
5957
6991
2897
1875
1880
858
7004
5982
3935
3937
866
7011
7013
870
4967
4969
4970
5997
1903
881
2929
3960
3961
2938
4987
895
897
3970
2946
1923
901
4999
3980
1936
7057
915
1940
918
6038
7062
2970
6048
5025
1953
5027
4004
4009
2986
6058
6059
4014
6071
953
6074
7101
7102
3006
5056
961
1986
1987
3012
4036
6089
5067
3025
980
983
987
2013
992
7138
7141
6126
5105
6129
1015
6138
4090
3067
1020
4094
5
353
386
10
27
333
