500
9216
2048
10242
2
2051
6151
3081
3083
10252
5134
1040
3090
3093
8214
2070
1046
3098
2075
3101
30
10272
33
9251
10276
7204
36
1062
3111
4139
4140
8237
3119
2098
9267
6197
8248
1081
57
8252
3132
7229
9277
3134
10307
5188
7239
1099
3148
4175
3151
2127
10321
4178
7251
10324
8279
5207
9304
88
7256
6233
1116
4191
8291
8294
6246
4199
1129
9325
9326
5230
120
9337
3195
6268
2175
1151
129
1156
2183
6281
4234
4235
2188
9357
5261
8334
3216
9361
6296
3224
4251
7323
1181
6301
4254
7330
167
168
9387
2222
6322
184
7354
5306
2237
2240
3265
3267
1220
9414
6342
5321
4298
6348
9422
6351
7375
9423
6352
210
4306
1235
9427
7382
8407
9431
2270
7391
2272
6372
5349
9445
3301
3302
5351
4328
1256
2283
9452
3311
7410
1268
5365
3319
1272
9468
253
6398
9472
3330
2306
9475
260
3335
5385
5389
9486
4366
5390
9488
7441
1298
6422
2326
6425
2329
4379
2332
1310
5408
3363
3365
8488
8490
5421
9517
3378
4402
5426
8499
6453
3383
6457
1337
6471
8525
9550
335
6482
338
8534
9558
3415
4441
3421
5480
6506
4459
5492
4468
5494
9590
374
9592
4477
1405
4478
5502
9599
8577
387
3463
9613
7568
8597
7576
7579
6558
7583
6565
6566
6567
5547
9645
435
4532
8631
5562
9661
1471
449
6594
1480
3531
9683
8660
2517
4567
8665
478
7648
8674
2530
4579
9701
6631
9704
492
8686
2542
5615
5616
7665
7666
5619
499
1524
5625
5628
5631
9728
3587
2567
5639
2570
4622
527
3600
5648
8721
537
7706
8731
3612
2592
3618
2594
8740
1573
8741
4645
2599
6696
7724
4652
561
562
5682
9779
5684
3637
1589
4664
570
2619
8765
5694
2625
8772
9801
7756
8783
5712
594
1619
2644
2646
2647
8792
2652
1628
2653
1630
6760
7787
2669
3695
625
6771
1654
7798
3703
8823
9849
9852
3709
4734
643
9860
2692
3718
4742
3719
7819
8844
3724
3730
4760
9882
2715
6816
4772
3753
4780
7855
7858
8884
1717
9909
7862
2743
4791
7864
698
5819
9916
7868
3773
8893
1725
6847
9919
8895
2752
4806
9926
5832
2763
6863
1745
1749
3799
2779
8934
7917
6896
2801
6899
4854
761
8953
8954
4860
4864
768
7937
6916
6918
7942
5895
5897
1801
8970
782
8980
4884
5910
1826
10019
2854
7974
3879
4907
7981
4909
9009
1841
4915
4916
10036
5947
830
3907
4935
5963
9041
10070
10071
1880
7000
4953
8027
2910
7009
10082
10088
9066
10091
4973
1902
9070
1906
9076
2933
7030
6009
4985
3965
10109
9087
10112
10114
7042
4996
2948
5003
6029
10128
8082
918
5016
1946
3996
3997
5021
2982
10151
937
4011
9131
6063
7087
943
1969
9139
9142
10168
6076
5055
6081
5061
1991
3017
974
5072
6097
2003
6103
9176
4056
985
5084
4064
3041
998
3047
4073
2029
4078
10226
5107
5108
1013
6134
3063
9207
8184
9208
2042
1
0
