358
2049
2561
514
2051
5
519
2569
2059
1036
16
2070
535
2071
1562
539
1564
2589
30
1571
1062
1063
552
554
42
2603
1582
559
2095
1584
1585
564
1589
1592
57
572
2108
1596
2623
1088
577
1089
1602
68
2117
1093
583
2120
1096
2124
1613
2126
1102
2129
594
83
1107
1622
1113
2137
1627
93
2145
1121
98
613
2151
1127
104
1643
1134
1649
1137
625
1139
629
1143
119
120
1146
122
1147
124
1149
1663
2176
1153
1669
1159
135
1163
1164
140
652
1677
142
655
656
1681
662
2201
1177
1178
1691
156
668
2205
2207
1695
1696
673
674
162
675
1189
1190
2218
170
171
175
1712
2227
692
1717
181
1718
1206
694
1207
2231
1208
2235
190
1728
1729
1731
195
1220
1732
708
198
1736
1225
713
1226
714
1739
1229
2254
1743
2255
212
731
2269
1246
2271
2275
2276
740
1253
1765
1254
230
744
745
2282
234
749
1773
238
1777
753
2290
2292
245
759
248
1788
764
1278
2303
769
263
2312
777
2313
267
268
2317
1294
2319
1810
786
787
1811
279
2328
1306
1818
2332
2333
2335
799
802
1314
2338
291
2339
1828
2343
1832
1322
2349
813
2351
1842
1843
1331
1844
311
1335
823
824
2361
825
317
2365
830
2366
1342
1855
1343
2369
1346
1858
1860
2372
837
2373
330
2379
1868
1356
1357
1869
2381
337
341
855
2394
2395
1374
1887
2399
352
864
2403
867
1892
359
2409
363
876
2412
1901
365
877
367
2416
880
884
1396
1399
1400
888
378
385
1922
2436
1414
904
1928
1421
397
910
2447
1939
2455
920
922
1434
1435
2460
928
2465
1445
2470
1959
1448
1449
1964
429
1965
432
434
1461
2488
441
2489
953
956
957
446
2494
1474
2500
1988
1992
968
1993
1994
2507
1484
1485
461
2510
975
2512
2001
2513
465
468
2516
2006
2007
2520
984
986
2522
1500
2012
477
996
997
2534
998
488
1513
1001
1002
1517
494
1007
2543
1521
499
2550
2039
2045
8
16
81
146
83
5
23
57
122
