2421
8192
8193
1
8194
4099
5
11
8204
13
15
12307
4117
12309
4118
4121
25
8217
8220
12318
4129
34
12322
4131
4132
4134
12326
12327
41
12330
12331
4139
12333
8237
48
8241
49
4147
53
8246
8247
12343
12344
56
12346
8250
12348
61
12351
8257
4162
4164
75
4173
8269
77
12365
4174
12368
12369
81
4178
4180
12374
8279
88
8280
12376
4184
12377
12378
12379
8283
4188
12386
8291
8292
4196
12389
102
8295
4200
8297
106
4203
8302
113
4211
4212
117
119
8313
8315
125
4222
126
127
8320
8322
130
8323
4235
139
8332
4238
142
4240
4241
4242
4243
149
8341
4245
154
4250
8347
157
8350
4276
8377
4283
8384
196
8390
8391
4296
4297
8395
8397
4302
4303
210
4308
216
217
8411
8420
228
4325
8422
232
4328
4329
4331
8427
239
241
8436
4341
4343
8439
249
251
8443
8448
8449
257
4354
8450
8451
8452
4357
4358
266
8459
4364
4365
4366
273
4369
8466
274
8467
8469
8471
8473
284
8478
4384
290
8485
294
8489
298
8492
4396
4401
4404
310
4410
8507
4411
4413
4416
321
8514
4419
4425
330
4427
8524
333
4429
334
4430
335
8527
4432
8533
4437
4439
4441
4445
8541
352
8557
366
4463
368
8560
4465
8564
373
8567
8568
379
4479
383
8575
387
388
8580
4485
8581
4486
8585
8586
4492
397
8590
8591
8592
4497
401
8595
8601
410
4506
415
417
8611
4515
4517
8613
422
423
4522
428
429
430
4528
434
8627
8629
8630
443
8636
4541
8638
8640
4545
4546
452
4552
464
4566
8662
471
8664
4571
4572
8668
4575
479
480
8673
481
4581
489
8688
497
4594
8692
501
8695
4600
8700
4605
4611
8709
4616
8715
524
8717
4625
8722
533
537
8730
540
4638
8734
542
4639
4640
8737
4645
8744
4651
556
4652
4653
560
562
8755
4661
565
571
4668
8767
8768
576
4672
4673
8770
579
8771
580
4677
4679
586
4687
597
4694
4698
8794
4699
8800
610
8805
616
621
8814
4719
8816
4720
624
4722
8819
8822
4727
631
4729
633
4731
636
4732
8828
8832
641
4740
8837
651
8847
656
4753
660
8854
662
672
674
4771
8869
678
4775
680
686
687
4784
4786
4788
692
694
4791
8887
697
4793
698
4795
8892
4804
4806
4807
8905
4810
4811
4812
8913
4818
4821
8918
8920
8921
4826
8923
733
4830
8930
8932
4837
8935
4844
750
4847
752
8947
8948
4857
762
763
8956
4861
4862
766
8961
770
4866
4867
774
8967
4871
777
778
8970
782
4879
8976
784
8977
4883
787
8980
8981
4886
8982
791
8984
4888
793
4889
4891
8987
4892
796
4894
803
8995
804
806
4902
4904
9004
4908
813
4909
9009
4913
9012
9013
4917
9017
9022
831
832
9025
9027
9028
9029
9031
4937
842
9035
4939
844
9036
9037
846
9041
9045
4949
9046
854
9047
856
857
859
4957
862
9054
9057
866
4962
9064
9068
879
9072
4978
9075
9077
9079
888
4986
891
4988
897
9091
900
9092
901
9094
9095
904
9096
905
5002
9098
907
908
5005
912
5010
916
9113
927
9119
928
9122
931
5027
5028
934
935
5033
9129
938
9131
940
9137
9139
5043
5044
5046
951
5049
954
5051
5054
9152
961
962
963
965
966
968
972
5071
975
976
977
978
9171
984
5080
985
5081
9178
988
9185
5089
9186
996
9189
9190
9194
9195
5099
9196
9199
9200
9203
5108
9206
5112
9209
5114
1018
5117
1022
5121
5123
1028
5124
5128
9225
5131
9227
9228
5134
9230
1039
1041
9235
1044
1045
5144
1049
9247
5152
9255
5160
5161
1065
9257
5162
9262
1073
1074
5172
9268
5176
1080
5178
5179
5185
1091
9283
5188
1092
5189
1096
9289
9290
1098
1100
5196
1101
9294
1103
9295
5200
9296
5201
5203
1109
1110
1113
5213
1118
1119
1121
9314
5218
1126
9319
5224
5229
5231
9328
9329
1137
9330
9332
5237
9337
1152
9345
1153
9346
1155
9348
1158
1160
5259
5260
9358
1167
5263
5264
5265
1169
5267
9364
5269
9366
5270
1175
9370
5274
1180
1183
1185
1186
5293
1199
9391
5296
5297
9395
5301
9398
9399
5305
5307
1212
5309
9406
5310
9408
9410
5314
9412
9418
5322
1227
9425
1234
1236
9428
1239
5335
5336
5337
9433
1248
1249
5346
1250
5347
1253
5350
1256
1257
9449
5355
9451
5357
9453
5358
9454
5362
5364
9463
9464
1275
1277
9470
5380
5381
1286
9479
1290
1291
5389
5390
9490
1299
5396
5397
9493
1307
9499
5404
1309
1311
9505
5413
5414
5416
9516
1324
1326
9519
5423
1328
9520
9521
5428
9526
1334
1335
9528
5433
9529
5434
9536
5441
5444
1348
9542
5447
1353
5451
5453
9550
1359
9552
1361
5457
5458
9555
9556
9559
1367
1368
9563
9564
1373
9565
1375
5473
1384
1387
1390
9583
1394
9587
9593
5499
5502
1407
5504
5506
1411
5508
9605
5509
1414
5510
9608
9610
5514
9611
5516
1421
1425
5522
5526
9623
1432
5529
9628
1437
5537
1443
9636
5540
1445
9639
1448
1450
9646
1457
5554
5556
1460
9653
5559
9656
5560
1465
1466
9661
1470
9662
1473
5570
5575
5576
9672
5577
9676
5580
1485
5583
5584
9682
9684
9686
1497
9689
1499
5595
9691
5597
1502
1508
5605
5609
1513
1517
1520
5617
9715
5623
5625
1530
9726
9728
1536
5632
9729
1538
5634
5636
9734
5639
1544
1553
1555
9748
9749
1559
9753
5660
9760
5668
1573
5671
9768
5679
1584
9777
1594
1595
5691
1596
9789
9792
9793
5698
9795
5699
1606
9799
1611
1612
9807
1617
1618
9811
1623
9817
9818
5724
9822
9823
5729
5733
5735
1641
5738
9836
1646
5745
9843
9844
5748
1654
9849
5754
1658
1659
9852
1661
9854
1663
9858
9865
1678
1681
9873
9875
5780
1684
5783
9880
1689
5788
5792
1698
5795
9891
1701
1702
5799
1703
5800
1705
1706
9902
5808
1715
9910
5815
9912
1720
9913
1722
9915
5821
5822
9919
1728
9922
1730
1733
1735
9928
9930
5837
1742
9935
1743
5843
1749
5845
5847
9945
5852
1759
9952
1760
5859
1764
5860
9958
5862
1767
9962
5869
9966
1774
1775
9968
5879
5880
1786
5883
5885
5888
1796
5896
1801
5897
9996
5901
5907
5909
5912
1816
1817
1818
10010
5915
1820
10012
5921
10018
5924
10021
10023
5927
10026
5931
5935
5938
1844
1845
1852
10046
1855
5952
1856
5957
1862
5961
10058
10059
5963
5966
5967
5969
5970
5977
1886
10081
1889
5987
10083
5988
10091
1900
1901
1906
6005
10101
6007
10103
6009
10106
1915
1916
1919
1924
10118
10119
6025
6026
1931
1932
6029
10128
10130
1940
10137
6043
10140
1950
10142
6047
6048
6049
6050
6051
6053
10152
1963
10156
1965
10157
1966
10159
1967
10160
6064
6067
1974
1976
6073
1978
10171
10172
1981
1983
10176
6080
10178
6082
10181
1990
6086
10184
1993
10185
10189
1997
6096
6097
6101
2007
6104
6106
6107
2012
2014
2016
2018
10211
10213
2021
6119
6121
6124
2029
10221
6127
10225
2033
2034
2035
10231
6136
6137
10235
10239
10245
2054
10247
10248
10249
10250
2060
10255
2065
10258
6164
10262
6166
2072
6171
10272
6179
2084
6185
6187
2095
6192
6194
2100
10293
2103
6200
6201
6203
10302
2111
2113
2114
6212
2117
10310
10311
10320
2129
10322
2131
2133
2136
2142
6239
2144
6241
6245
10343
6249
6252
10349
2158
6254
2160
6257
2162
2163
6260
10357
6262
10359
6264
2169
2173
10366
10367
10368
2177
2181
10375
2185
6282
10379
10380
6285
2191
6287
10384
10385
6290
2195
2196
6293
2203
6301
2206
10400
2210
6311
10411
6315
2220
6317
6320
10418
10419
6326
10422
10427
10429
6335
2241
10433
10434
10435
10437
6343
6344
6347
2252
6349
6351
10448
10450
2261
6358
6360
10458
6363
2271
6370
2275
2276
6372
10469
6374
2279
6376
6377
6379
2285
2292
10487
2296
6392
6393
2299
6398
10496
2304
2306
6403
6405
6408
6410
10507
2315
2319
6415
2320
10514
6420
2324
6421
10517
6424
2329
2331
2333
2335
6431
2336
6432
10532
10534
2342
2343
2344
10538
6444
2349
6445
10546
6451
10547
10549
10550
2359
10553
10554
10555
2363
2364
2365
10557
10558
2369
6469
6470
10567
2375
10568
10572
2381
10574
6479
2387
6483
10581
6488
6489
6490
6491
6493
6497
2402
2403
10597
2408
2410
2413
10606
6510
10608
6517
6518
2422
2427
2428
10621
10626
10629
6534
2441
6538
2442
2444
2447
6545
6547
2452
2453
10646
6550
10647
10648
2460
10653
2461
6558
10655
2463
10658
2468
10661
2469
6566
6569
10667
6572
10670
6577
2481
6578
2482
6580
2484
2487
10683
2501
6597
2502
2503
6602
2509
10701
6610
6612
2518
10711
2520
2523
6619
6620
10717
10719
6624
10721
6627
2531
2532
6630
2535
6631
10727
6635
2539
10733
10734
2543
2544
10737
2546
10739
10740
6646
10743
2551
2552
10745
10747
6654
10751
2559
6655
2560
10752
2562
6659
6663
2568
6664
10761
2569
6667
2577
6674
2579
6676
6679
10775
2588
10782
6688
2592
10784
6689
10787
2599
10793
6698
2603
10796
6701
6703
6704
2609
10802
6710
2619
10815
2624
6721
10817
10819
10823
10825
6731
10829
6733
2637
6736
10836
10837
10844
10845
6750
10850
10851
2660
6757
6760
2665
6761
6763
2670
10864
2674
2676
6772
6773
2678
10873
10874
2687
6791
6793
6795
6798
2708
10901
6805
10903
2711
2712
2715
10908
6815
6817
2721
2722
10916
6821
2729
10922
10923
2733
6831
2737
6833
6834
2738
6837
2742
10934
2744
6843
6847
2751
10945
2756
10948
10949
2758
2760
10952
10953
6857
6860
10957
10959
2768
6864
2772
2773
10970
10971
6879
2784
10977
6881
10978
2787
6884
10980
10983
6887
2792
10987
10989
2798
6894
2801
6898
6901
6902
2807
6906
11004
11006
2816
2817
11009
6914
2819
6915
2821
6917
6918
11018
2826
2827
6923
2828
6925
11021
2831
6929
2834
6932
2841
6937
11034
2842
6939
11035
6940
2845
6941
2848
6945
2851
6948
11044
6949
11046
2855
11051
11052
11053
6959
2863
2865
6962
11062
6968
6970
11068
11071
11075
6981
2886
11078
2888
6984
2892
6989
2894
6991
2895
6992
6993
6994
11090
11091
2899
6997
11094
2902
2908
11102
7007
11103
11104
7010
11107
2918
7021
2925
7022
11119
7024
2930
11124
2935
2936
7033
2938
2942
11134
2943
11136
7041
2947
7043
2948
7045
11143
7048
7050
2955
2957
7054
11151
11154
7060
11158
2967
11160
11164
7069
11166
2977
7073
7074
7077
2981
2984
2987
2988
7088
2993
11185
2994
2997
7094
11192
7103
3007
7107
11204
11205
7111
11211
7116
11215
11219
11220
3030
7126
11223
3032
3033
7131
3037
7133
3039
11236
7140
11238
3046
7144
3052
11244
7150
11247
3056
11250
7155
11259
3071
3073
11266
7171
3076
3077
11269
7174
7177
11274
11276
11277
7182
11279
7183
11282
7188
7190
3097
7194
7195
7199
11295
3103
3106
7203
7206
11304
7211
7212
7214
7215
3119
3120
11313
3122
11314
7221
3125
7224
11323
3134
3136
3139
11334
7238
3144
11337
7245
11344
7248
3153
3154
3155
3157
11350
3159
7256
3162
7261
3166
3169
3171
3172
7269
11368
11370
11371
11372
7279
7281
3186
7284
7289
11386
7292
11389
3198
7294
11396
11397
7302
7303
11399
3208
11400
11401
7305
3212
7314
3220
11416
7320
3225
11423
3231
7330
3237
3240
7336
3241
7337
3242
11434
11438
11439
7345
3249
11442
7346
7347
3251
3252
7349
7350
7352
3257
3259
7356
3261
7357
3262
7362
7363
3267
7365
3274
7371
3275
11467
11468
7373
11472
3280
3283
11476
11478
3287
11485
11486
7391
11493
3304
7405
3310
7408
7409
11506
3315
7412
3317
11512
3320
11513
7417
3321
11515
3323
11516
3326
3327
3329
11523
7431
11530
7439
11538
7444
7445
11542
3351
11545
7449
11546
3355
7452
7455
11554
3362
7467
11564
3373
11569
11571
7477
3383
7480
3384
7481
11577
7482
11580
11582
3392
11585
7489
3395
11587
11590
3400
7497
7498
3403
3406
11598
11600
11601
3411
11603
3412
11607
7514
11613
3422
11616
3426
3430
7526
7527
3432
3433
3435
3437
11632
7536
3442
3443
3444
3448
11642
7546
3451
7552
3456
7553
3459
7555
3461
11655
11656
3465
11657
3466
3467
7564
3468
7565
3470
7567
3471
3473
11666
11668
3478
7574
11672
3482
3484
7584
3489
3491
7588
3492
3496
3498
11690
11691
7595
11693
11699
3510
7609
7610
11707
7612
7616
7617
11716
3524
3526
3527
11720
7625
3530
7631
7632
11728
3537
7633
11729
7634
3538
11731
11734
7638
3542
11735
7639
7641
11738
7642
3548
11740
11744
3555
7652
11748
3556
11749
7653
11750
7655
3563
7662
3566
11759
11760
3570
7668
11764
3578
11775
7680
7681
11777
11779
11781
3589
7685
11783
11784
7690
7693
11792
11798
7703
3608
7704
11801
7708
7709
3615
11811
3620
7716
3621
11814
7719
11816
7721
7722
3630
7732
3640
3641
7738
3643
3644
11837
7742
3649
3650
11847
11848
7753
11850
3660
3662
7759
3673
3676
7773
11871
3680
11875
11877
3689
7789
7794
11890
3699
11893
3701
7798
3707
3709
3713
3715
3720
11913
3722
3724
3730
3731
3733
7830
3735
11927
7831
11929
7833
11931
11933
11938
11942
3752
7848
3753
11945
3754
11946
7851
11948
3756
7854
11951
11952
11955
3763
7860
11956
3766
11960
11962
7867
7868
7869
3773
11967
3776
7875
7877
3781
11973
11974
7880
3787
7885
3790
7886
3791
7887
3793
3794
7890
7893
11994
7898
7903
7905
3810
12002
7916
3823
12016
3836
7939
12037
3845
3847
12039
12040
3848
7948
12044
3855
3860
3861
7961
7963
12060
12064
7970
7973
7974
12070
12072
3881
3882
3884
12076
7980
3885
7981
7983
12079
3890
3891
12083
12085
3896
12088
12093
12095
3907
12100
8005
12101
8006
12104
12108
3919
8018
12114
12115
3924
12116
3926
3927
3929
3931
3932
8030
3934
8031
12128
8034
3939
3942
12135
3945
12138
3948
3950
3954
12147
8053
12150
12151
3960
12153
12155
3963
8060
3970
8067
8068
3972
12166
8070
8071
8072
12170
12171
12176
8081
12178
8085
12181
8089
8090
3997
8095
12192
12194
12197
8104
12200
4010
8107
8110
8112
8115
12213
8118
12219
12221
4029
12224
8132
12229
4038
8134
8136
4040
12233
8147
4052
12246
8151
8153
12250
8155
8157
12256
4064
12257
8163
12261
4069
4070
12262
8167
12264
12265
12269
4078
12272
4080
8178
4084
12278
8183
12281
8190
8191
17
1
98
2
68
69
199
11
140
398
367
53
54
345
314
155
124
254
