619
0
2
1026
3
4
1029
8
1033
9
1035
11
1036
1037
1040
17
1043
20
1044
22
23
1049
1052
28
1053
1058
1061
38
39
1065
1066
1067
43
44
45
46
1070
1071
1074
1076
1077
1079
56
57
59
61
63
1088
1089
1091
67
69
1093
1094
1096
72
73
1101
1102
78
1103
79
1104
1108
1109
85
1110
1111
88
1113
91
94
1119
102
105
1130
1131
1139
1141
117
1143
119
1144
122
123
1149
125
1152
1153
130
132
133
134
1158
1159
1162
140
141
143
1167
1168
146
1171
150
151
153
154
156
1180
1181
1182
158
159
1184
1186
1188
1189
1191
167
168
169
1195
172
1196
1197
173
176
1200
1201
178
1203
180
1205
185
188
1214
191
192
1216
1217
195
198
200
1225
1226
204
1229
205
1230
207
1231
1239
215
216
1241
217
218
1242
221
223
225
226
1251
227
1254
1255
232
1257
233
234
235
236
1260
237
238
1263
1264
241
1267
1268
1269
1271
1273
250
1275
251
1276
253
254
256
1280
257
258
259
260
1284
1288
264
265
266
270
1294
1296
272
1297
1298
1299
275
276
277
1302
278
1303
1305
1306
282
283
1309
1310
287
1312
289
290
1315
292
1316
293
1317
1318
294
295
1320
299
1323
1325
1327
304
305
1332
1334
1336
314
315
1339
1340
1342
1344
320
321
324
326
1354
1355
332
1357
1359
1360
1361
1362
339
341
1366
345
1371
349
1374
352
354
1378
1380
356
1381
1384
361
1385
1386
364
1388
365
1390
366
368
1392
372
373
375
1401
1402
379
380
1406
384
1409
1410
387
1411
388
1413
390
1415
392
394
1420
1422
1423
1424
401
1425
402
1426
1427
403
1429
406
1437
1438
414
1440
1441
1442
418
1443
420
1444
1445
423
424
1449
1450
427
1453
1454
431
1456
432
1457
1458
437
1463
440
1466
1467
443
445
1470
1471
1472
1474
450
1475
1476
1478
455
1480
461
463
1487
1489
1490
466
1491
467
1492
468
1493
1494
1497
1498
1499
475
476
477
1502
481
1506
482
483
484
486
1511
487
1512
488
1513
1514
1515
491
1518
496
1520
1521
1525
502
505
506
507
1531
508
1533
511
1535
512
513
514
1539
1541
517
1542
1543
520
521
1547
523
526
527
1552
531
1555
1559
535
1561
1562
1563
539
1564
542
1567
545
1571
547
548
1572
550
551
1575
1576
553
1577
1582
1583
1584
1585
1586
564
1590
566
1591
568
569
1597
573
1599
1600
581
582
586
588
589
590
593
594
598
599
600
604
606
609
610
612
613
615
621
622
623
624
625
635
637
638
640
645
652
654
666
667
668
671
674
676
680
681
684
686
687
689
690
692
696
700
703
705
708
709
713
714
718
725
726
729
734
737
739
742
749
753
754
757
758
759
760
764
765
768
773
776
779
780
787
788
791
798
807
809
812
816
818
819
821
824
825
827
828
832
833
842
843
848
851
852
853
856
857
861
866
869
873
876
879
882
883
884
886
891
893
898
899
901
902
903
904
905
906
907
908
909
910
915
917
918
919
923
924
927
932
934
937
938
939
940
950
953
957
959
962
966
968
969
972
975
977
981
982
983
984
988
989
992
993
994
995
997
1001
1004
1009
1010
1011
1013
1016
1020
1022
117
257
1
258
259
4
7
8
9
10
266
267
16
276
20
21
22
23
279
280
26
282
283
288
33
289
35
292
36
37
38
39
296
297
42
300
45
49
53
309
54
311
56
58
315
67
323
68
326
70
327
71
73
332
341
85
342
343
344
95
96
354
357
102
103
363
108
365
109
113
114
118
374
124
125
126
128
131
132
138
142
144
146
147
148
150
153
156
164
167
169
172
174
175
182
184
187
188
190
191
192
193
197
199
202
205
206
211
212
215
218
228
231
233
240
244
248
253
