1880
2
4100
6
4102
8199
4105
4106
10
4108
4109
8205
8206
4111
8211
4115
4117
22
8216
24
25
27
4125
4126
8227
4133
38
39
40
41
8234
4138
43
4139
4140
8240
8241
49
4145
8245
54
56
4154
8250
4158
63
8256
64
65
66
8258
71
4168
72
73
4170
74
8267
4176
81
4178
84
4180
4183
89
8284
93
8287
97
8290
8292
4198
102
103
4200
8297
105
8298
108
4206
4209
4211
8307
8308
4218
8314
4220
8316
125
4221
4222
8319
4225
4226
4230
8326
135
4231
137
8330
8331
4236
140
8334
8336
4240
8337
146
8340
8347
8349
8350
8355
8357
4264
169
8362
4271
175
4273
4275
8371
4276
181
4281
185
4286
190
194
4291
198
4296
201
204
4308
213
215
216
219
222
223
4321
4323
228
232
233
4332
239
4338
243
4341
246
4342
248
253
254
4352
4353
261
263
269
4367
274
4371
281
4377
4385
4386
4389
298
299
4396
303
305
4402
308
4404
4410
315
4413
319
322
4421
329
4426
333
4430
4431
4432
336
4435
4438
4442
352
353
354
356
357
4454
4456
4457
365
370
373
377
378
379
4477
383
384
4485
391
394
4490
4491
4492
4495
4496
4499
408
4507
411
414
4510
4515
420
422
424
430
431
432
4529
4530
4532
436
4534
439
4536
443
446
448
4546
4548
4557
4559
4562
4564
4567
475
476
479
4579
4580
487
4594
499
502
4598
503
504
4600
508
510
512
514
4613
517
522
4621
4622
4626
531
4628
533
4630
4632
536
4637
541
544
4645
550
551
552
4649
554
556
4663
4664
4666
4667
4668
573
4669
4675
581
584
588
4685
590
4688
4689
4690
595
4695
602
610
4708
616
617
4713
618
619
4716
4718
624
625
4724
4725
629
631
637
639
644
645
647
648
4751
655
4754
4755
661
664
665
669
672
4770
674
676
4776
4783
4787
4789
698
705
706
4803
708
4805
710
712
4810
714
715
722
724
4821
731
4827
4828
733
4833
741
4840
745
4846
752
4850
4851
755
757
4856
762
4859
767
4866
774
775
776
779
4877
784
786
4882
791
4891
795
4893
800
4899
4900
4902
809
4907
4912
4917
824
4920
825
4922
4923
4924
4925
4930
835
4931
836
837
838
4935
4938
842
4942
847
4945
4947
855
858
859
861
865
866
4963
4964
4966
870
4967
874
876
882
883
4983
4986
4987
4989
894
896
897
4997
4998
4999
904
5002
5010
914
915
5017
922
5022
928
931
932
936
5033
938
939
942
5041
948
949
5049
955
5052
5054
959
961
965
966
969
5066
970
5067
5068
974
5073
977
5074
5077
982
986
988
990
5087
5088
5089
994
5090
999
5102
1007
5105
1009
5107
5111
5113
1019
5118
1022
5123
1029
5125
1030
1033
1036
5138
5140
1046
5143
5144
5149
5154
1062
1064
5165
5168
5169
1076
5174
5175
5176
5177
1081
5178
5184
5186
5188
1097
1100
1102
1104
1108
5205
1110
1112
1114
5211
5212
5214
1119
5215
5216
1122
1124
5221
5226
1132
5229
5231
1135
5235
5236
1140
1142
5239
5241
1148
1149
5246
1155
1156
5254
5257
1162
1164
1165
5261
5262
1166
1168
5264
1170
5267
5268
1173
5272
5273
5274
5276
1183
5280
1186
5284
1191
1193
5293
1197
1198
5297
1206
5304
1213
1214
5310
1216
5315
1220
1221
1222
1224
5320
1226
1227
5323
1228
1231
5327
1232
1234
5331
5334
1241
5343
5345
5346
5348
1252
5350
1256
5353
1259
5355
1267
1269
5368
1273
5371
1275
5372
1276
5374
5376
1282
1283
5385
5389
1297
1299
1311
1313
5412
1316
5413
5419
1325
5423
5425
5426
1333
1335
1336
1338
1342
1343
1345
5445
1357
5463
5464
5467
1373
5469
5471
1376
1377
5474
5485
5487
1391
5488
1393
1399
5496
1403
1407
5508
5514
5516
5519
1426
1429
5531
5532
1437
5534
5536
1440
5537
5538
1452
5549
5557
5560
1466
1467
5564
1471
1474
1476
1478
1479
1480
5576
1481
5577
5579
5580
5583
1488
5587
1493
1496
5592
1502
5599
1503
1504
1507
1509
5605
1510
1511
1513
5609
5610
5612
1518
5616
5618
1523
1524
1525
1527
5625
1529
1537
5635
5642
5644
1548
1549
1550
5646
1551
5648
1554
5651
1556
5653
5655
5661
1571
5668
1574
5671
1578
1579
5677
1586
1588
1591
5687
1592
5689
1594
5690
1598
5695
1600
5696
1607
5704
5705
5709
1613
1616
5714
1618
5716
1622
1623
1625
5722
1626
1627
5725
1629
5726
5731
5733
5736
5739
5740
1644
5741
5744
5745
5748
5752
1657
1658
1661
5763
5766
5767
1672
5768
5774
5777
1684
1685
5783
5790
5793
1699
5800
1710
5808
1712
1713
1714
5810
1715
5812
1716
5816
1722
5819
1723
5823
1734
5831
1736
1737
1738
5835
5837
1742
5845
5846
5848
1753
1757
1759
5856
1761
5861
1766
1775
5874
1780
1782
5879
1788
5884
5885
1789
5886
5891
5892
1797
5894
1798
1799
1800
1801
5898
5899
5900
1807
1811
1818
1819
5917
5922
1828
5926
1833
5930
1835
1838
1839
1840
1841
1842
1843
5941
1848
5944
5945
5947
5961
1866
5967
5969
5970
1874
5971
5972
5977
5978
5979
5980
1886
1888
1889
5986
5989
1894
1895
5995
5997
5998
5999
1904
6000
6001
1907
1911
6009
1913
1915
1920
1925
1926
6024
6025
1929
1930
1937
6036
6040
1947
6043
6044
6047
1951
6050
6054
1962
6058
1964
6062
1966
1971
1972
6072
1980
1983
6080
1987
6084
6085
6088
1993
6090
1995
1996
6094
1999
2001
6099
2006
6103
6104
2013
2015
6111
2016
6113
2019
2025
6124
2030
6133
2042
6139
2047
6153
6156
2061
2062
2070
2077
2078
2079
6175
6176
6179
2085
2088
2089
2090
2091
2092
6189
2096
6195
6197
6198
6200
2104
6202
2106
6206
2116
6213
6215
6216
6222
2127
6227
6230
2136
6237
6238
2144
6243
6244
2149
6247
6248
6251
2156
6253
6256
2162
6259
2168
2169
6265
2170
6269
6270
6271
6273
2179
6276
6280
2187
6283
6291
6301
2207
2208
2209
2213
2217
6314
6318
6320
6321
6323
6327
2231
2235
2239
6338
6339
6340
6342
2246
2249
2251
6348
2254
2257
2260
6358
2268
6365
6368
6375
6376
2280
2282
2283
6383
6386
2290
2291
6387
6389
6394
2298
2302
6399
6401
2307
2309
6407
6411
2317
2319
6419
2324
6422
2329
6428
2332
2335
6435
2342
6438
2345
2347
6444
2351
6449
2354
2355
2357
6456
6457
6458
6466
6467
2372
6470
2375
6473
2380
6479
6480
2386
2387
2388
2390
2393
6489
2394
6491
2400
6499
6500
2404
6501
6507
6513
2417
6518
6519
6521
2427
6523
6526
6528
6532
6534
2439
6541
2449
2450
6549
2453
2455
6556
2461
2462
2464
2469
2470
2471
2472
2476
2478
6577
2482
6578
2484
6580
2487
6583
6603
2510
6606
2515
6612
6616
6618
2524
2529
6626
6627
2535
2537
2538
2539
2541
6638
2546
2547
2549
6648
2554
6651
2556
6655
6657
2563
6661
2566
6663
2567
2569
6665
2570
6666
2573
6672
2576
6673
6674
6675
2582
6679
6684
6686
6689
2593
6691
2596
6692
2597
6695
2599
2602
6700
6702
2606
6705
6711
6713
2619
6715
6724
2630
6726
2634
6731
6734
2642
6739
2647
2648
6745
2649
6748
6753
6755
2660
2661
2663
6765
6767
2672
2678
6775
6776
2682
6778
2684
6780
2686
2687
2693
6795
2699
6796
6798
2703
6805
6809
2714
6811
6812
6815
2721
6819
2726
2731
6834
6835
2740
2741
6837
6843
2747
6848
2753
6849
2754
6850
6852
6856
2760
2762
2763
2773
6870
2778
6876
2783
2786
6883
6884
6885
2790
6887
2793
2801
6899
2804
2805
6902
2808
6905
6906
2811
6907
6909
6913
6914
2820
2822
6921
6922
2827
2829
6926
6931
2838
2841
6939
2847
2850
2853
2858
6957
6961
6962
2866
2867
6966
2870
6968
2875
2876
6978
2883
6981
2886
6986
2891
6989
2895
2898
6995
2901
6997
6998
6999
2904
2905
7002
2907
7004
2911
7008
2913
7016
7017
7019
2924
2927
7029
7030
2934
7032
7033
2938
7039
2944
2946
7043
2954
7052
7053
2959
2960
2961
7058
7060
2965
2967
7063
7070
2976
7073
2977
7074
7078
2985
7083
2987
2991
3000
3002
3003
7103
3010
3013
3016
3019
7116
7118
7119
7126
7130
7132
7135
3045
7145
7146
3051
7151
7152
7155
3060
7162
3068
7165
3070
7168
3072
7172
3077
7174
7175
3081
7184
3090
3094
3095
7194
3099
3101
7199
7201
7204
3111
7209
7212
7214
3126
7223
3127
7225
3133
3136
3137
3138
7235
7238
3143
7246
3151
3152
3153
7250
3156
7255
7260
7261
7264
7265
7266
7268
7269
3174
3175
7273
3177
3178
3181
7278
3184
7283
3189
7286
3191
7293
7295
3200
7298
3204
7300
7306
3210
7308
7309
7312
3216
3217
3221
7318
3224
7321
3229
3230
7332
7333
7334
7335
3245
7345
7346
7347
3252
7348
3253
3256
7353
7354
7356
3263
3264
7362
3269
7366
3272
7370
3280
7377
3281
3285
7383
3288
7387
3296
7394
3300
3303
3304
3306
7405
3311
3312
7418
3322
7419
7422
7423
3329
3331
7429
3333
7430
3335
7431
7432
7433
3337
7434
7435
3340
3343
7442
7443
7452
3356
3357
7453
7455
3361
7461
3366
3367
3369
7466
7468
3378
3379
7477
7478
3382
7481
3393
7491
3396
7496
3403
3404
7500
7502
3406
7507
7509
7510
7513
7517
7522
7528
3435
7533
3438
3445
3450
7546
7550
7552
3456
7553
3458
7554
7558
3462
7561
3467
3470
3471
3473
7575
3479
3480
7576
3485
7584
3488
7588
3492
3495
3497
3498
3505
3507
7603
3509
7607
3512
3519
7616
3521
7622
7624
3528
7629
7630
3541
7639
3545
3547
3548
7646
7647
3553
3555
7652
3558
3559
7656
7659
3566
3573
3575
3578
7677
3582
7683
7687
3591
3593
7691
7701
3605
7706
3610
7708
7713
3623
3629
3631
7729
3637
7734
7737
3644
7740
3645
3646
7745
3649
7749
3656
3660
7756
3663
7759
3666
3669
7766
3672
3674
3677
7773
3678
3679
7778
7785
3692
7789
7794
7796
7797
3703
7801
3708
7806
7807
7809
7810
3716
7812
3717
7814
7815
7817
3724
7822
3741
7838
3742
3748
7846
3755
7851
3768
7871
7872
7873
3782
3784
3789
3790
7886
3791
3794
3796
3797
7895
7896
3801
7898
7907
3812
7909
3813
7912
3817
3827
7925
7930
7931
3836
7938
3844
7942
3848
3853
3854
3856
7953
3859
3860
3861
3862
3863
3864
7966
3871
7969
3873
3874
7971
3879
3881
7981
7982
3891
3892
3894
3895
7991
7993
3898
7995
3903
8003
3909
3910
8008
8009
3915
8014
3923
8020
3924
3927
8025
8027
3932
8029
8031
3939
8037
8042
3950
8047
8048
3952
8052
3958
8054
8055
3961
8063
8064
8066
8076
8077
3982
3983
8081
3987
8084
8092
3997
8095
4001
4002
4004
4006
8102
8107
8108
8113
8116
4020
8124
8126
8127
4033
8130
8131
8134
4039
4042
8142
8145
4051
4052
4054
4057
8154
8158
4063
4064
4065
8167
8168
8169
4074
8173
8176
8180
4085
4086
8186
8189
4094
4095
8191
22
128
96
2
69
294
200
9
77
301
141
269
79
114
404
342
311
343
314
220
124
253
31
