170
0
769
1
260
519
7
778
779
12
268
524
15
272
1040
17
786
18
532
534
24
25
794
538
283
1051
540
797
798
287
800
290
35
37
549
551
42
810
811
814
47
1071
305
561
563
1075
819
1076
53
823
569
57
826
570
59
316
829
574
318
575
63
577
65
1089
579
67
580
325
581
69
326
71
1097
585
1098
333
589
847
849
84
598
601
89
861
349
350
863
98
612
868
358
107
365
878
882
629
887
120
893
126
384
129
642
899
644
133
392
140
141
398
911
655
144
913
146
914
661
917
150
152
920
664
923
926
417
162
677
424
683
172
941
947
696
184
441
185
954
701
189
191
449
193
965
200
202
460
972
461
973
720
977
214
984
729
732
989
221
224
995
741
232
238
1007
240
1011
756
245
1015
764
1021
767
2
35
53
