502
2050
1033
14
17
2066
18
19
1045
1046
1050
1052
35
2083
38
2086
1063
1064
44
2092
2093
45
1071
50
1077
1079
55
1080
60
61
63
2113
65
2114
2116
69
71
75
2126
2130
88
1118
95
2146
99
2151
103
2152
107
110
1135
1136
114
2165
1142
2168
2169
124
2172
2176
1152
2178
1155
133
2185
1165
2190
143
1169
1170
1171
2195
1173
2198
1174
157
158
1182
2207
159
1184
162
1188
1189
2213
2215
167
1192
172
1198
175
2223
2224
1204
1209
2237
2238
1215
191
2239
1220
198
2246
2247
2248
1226
207
1231
1234
2259
1235
212
1237
2265
2266
218
1243
1246
1247
224
1248
225
227
1251
1253
2283
1260
237
239
1266
243
2292
2297
2302
1278
2304
2305
265
2319
1297
274
1298
275
2323
2328
1304
1305
281
1306
283
1311
1314
2343
1322
298
299
2349
304
1329
305
2354
307
309
311
313
2363
316
318
1343
2369
1346
2370
2373
1354
334
2383
335
337
338
341
1365
2390
2391
2392
344
1371
1372
1374
353
2401
357
359
1385
364
2413
2414
1392
2416
368
2418
372
373
374
1399
2423
375
2424
377
2425
2426
1403
380
2429
1407
1409
2433
2434
1411
2436
1412
2437
389
1416
1418
396
2444
1420
2446
398
1422
2447
400
401
2449
405
2453
406
2456
409
2457
1434
1436
2460
2461
2465
421
1446
424
2472
425
2474
1453
1457
433
435
436
2486
2488
2489
441
445
1471
1472
454
1478
455
1480
456
458
461
462
465
2515
2517
2520
2524
476
2525
1501
1506
484
2533
487
2538
1514
1515
2541
2545
2549
1527
503
1529
1532
510
2559
1537
2563
516
1543
1544
520
2569
2570
1546
1547
2571
523
1549
2573
525
2576
529
2578
2580
2582
535
2583
1560
536
1561
1562
2586
1563
2588
1566
2593
1573
1574
2601
2603
1579
2604
1581
558
559
2610
2611
1588
1590
1593
1594
2621
1599
576
2626
1605
2632
1609
2634
1611
2639
1617
2642
1619
595
1621
600
2654
606
2658
610
612
614
2664
1641
2669
622
2673
2677
1655
1656
1660
637
640
1667
1668
646
1674
1676
653
1687
663
1688
664
665
1690
1699
1700
677
1702
1708
685
1710
686
689
1714
696
705
706
708
1733
710
711
1735
1736
713
1738
725
1751
1752
1756
732
733
738
739
1770
748
1778
1779
760
1785
1787
1788
765
1790
768
776
778
1803
782
783
791
1818
1819
1824
800
802
1827
804
1828
811
818
1843
1845
823
1850
829
1856
834
1859
1863
840
841
1865
843
1874
859
866
1892
868
871
875
884
896
1925
1928
905
1935
912
1939
1941
921
922
1950
1952
930
1955
932
934
1959
940
945
1971
1973
949
952
956
960
1996
2004
988
992
999
2026
1002
1003
1006
1007
2031
2038
1016
2045
1021
5
37
21
40
13
78
