491
1024
1025
2
6
7
8
1036
1037
2062
14
1038
15
2063
17
2065
1041
18
2067
1044
21
2071
24
1049
2075
27
2077
31
32
33
1060
37
1064
1065
1067
1070
2094
1074
54
1079
56
2104
57
1081
1083
1084
60
2109
1085
1087
63
2111
72
1100
76
77
79
1105
81
2131
1107
1109
2137
1113
91
2139
95
2143
97
2146
2147
100
2152
2153
105
1130
2156
1132
1133
2158
1134
2160
113
2164
117
2166
1142
2167
120
2169
1145
1147
125
2174
1154
133
2181
2183
138
139
1165
1167
1168
1171
148
1175
1181
158
165
174
1203
1205
182
1207
1211
190
1215
194
1219
196
200
1226
203
204
206
1231
1233
1234
1237
1239
224
1251
231
233
1257
234
236
238
1270
247
1273
251
1277
1281
257
1284
1285
263
1287
267
268
1294
1297
273
277
279
1304
282
284
1309
287
1317
294
297
1325
1326
1327
1328
305
306
308
1334
311
1339
1341
317
1343
1345
321
323
329
1354
1361
1362
341
342
344
1369
353
1379
1380
1381
358
360
1391
370
371
1396
375
377
1403
380
382
386
387
388
1413
389
1415
392
1418
1423
1424
1425
401
402
1427
405
1429
1432
1434
412
414
1438
415
1439
419
1447
423
426
430
1454
431
1461
1462
1465
1466
448
451
1475
1478
456
467
468
469
471
475
1500
1502
482
1508
1512
1517
1519
1521
1522
502
506
507
1532
509
1533
1534
512
517
518
1544
1545
525
1550
528
531
534
535
1560
1571
551
552
555
557
1584
562
1587
1589
1592
572
574
1599
576
578
580
1606
590
592
594
597
599
1627
604
1628
606
1632
608
1634
1636
1639
1641
1642
627
630
1655
1657
1662
1663
642
643
644
1668
1672
648
650
1679
660
661
665
1690
669
1695
1699
1700
682
1707
684
1708
1710
1713
1719
1720
700
1725
703
1728
705
1729
1734
1735
1737
1738
714
715
1739
1740
716
1743
721
1755
733
1757
1760
737
743
1768
745
1771
1772
1773
1788
1793
770
1794
772
1797
774
776
777
1803
782
787
1812
789
1817
793
1821
1823
1826
804
1829
805
1832
810
814
1839
817
821
1850
828
833
834
1859
1860
1863
841
1866
1867
1868
1869
845
847
1872
848
850
852
1880
1891
1892
870
1894
871
1896
872
1900
877
1901
883
1911
887
1912
1914
1915
1918
1919
1920
896
1921
1922
901
902
1933
1934
917
1942
1945
1947
1951
1952
928
937
940
1964
1965
1966
942
944
946
1970
1973
950
951
1978
1979
1980
1984
963
1990
967
1995
1997
976
2001
2002
2004
2005
2009
986
2010
988
989
990
2016
2022
2023
1000
2027
2036
2038
1016
1017
2041
1018
2043
1020
2046
20
32
96
99
163
4
136
138
44
78
47
111
81
19
84
20
53
151
122
125
95
