184
513
1282
774
1542
1544
520
12
524
2060
14
1806
1553
20
1045
1046
534
2070
536
24
537
282
1820
543
799
801
34
1315
547
1830
806
296
1065
555
1069
301
2094
2095
817
1587
2099
1331
565
1589
825
826
1340
829
318
2110
831
2114
1353
2122
586
842
1868
334
1616
2128
1361
81
339
2131
340
2132
341
87
600
1625
857
1883
1119
608
352
1377
356
1124
2149
1382
2150
1384
1131
107
108
2156
1645
366
623
1394
1395
1653
1910
375
1145
634
1661
132
1412
389
1414
2182
2185
393
141
1167
2191
144
1939
2199
1431
1688
1178
1182
1183
2209
1954
2211
676
1703
681
2219
428
1708
2222
1966
1454
431
1199
178
179
947
1974
1976
1468
957
1981
962
707
1219
708
1733
1477
710
1479
1737
1227
1484
460
1485
1231
722
1746
979
1237
1750
215
984
729
985
475
732
988
2019
1764
1509
1254
487
744
2025
1258
1002
2030
1777
1778
243
756
2037
501
1527
760
248
1016
2043
1275
1
38
