1785
1
7
11
15
28
34
47
48
53
75
81
95
102
117
119
123
125
136
137
143
149
152
154
157
196
225
241
249
251
257
281
294
298
310
321
330
334
335
364
366
370
373
378
379
383
385
387
388
397
398
405
410
415
417
428
429
434
459
464
476
480
489
492
501
518
531
533
540
542
548
557
562
571
576
579
586
597
598
609
621
624
630
633
638
649
651
655
658
671
674
677
687
692
694
697
698
704
708
722
725
747
758
770
772
774
778
782
784
787
803
804
813
832
835
841
842
846
854
857
859
862
866
878
879
888
897
900
907
908
928
931
935
938
954
956
962
963
965
968
972
973
975
977
985
1018
1020
1022
1028
1037
1045
1049
1051
1062
1063
1064
1065
1073
1081
1083
1096
1098
1100
1103
1109
1110
1118
1121
1124
1137
1153
1155
1160
1173
1198
1217
1221
1222
1227
1236
1239
1243
1248
1249
1253
1257
1258
1271
1277
1286
1299
1311
1321
1324
1334
1335
1338
1353
1375
1384
1390
1394
1403
1405
1407
1410
1421
1425
1432
1435
1440
1443
1445
1448
1457
1470
1473
1474
1478
1483
1497
1498
1508
1520
1536
1539
1559
1573
1579
1596
1597
1606
1607
1617
1618
1620
1626
1641
1646
1654
1658
1659
1661
1678
1681
1689
1698
1701
1702
1703
1705
1706
1715
1720
1722
1730
1735
1743
1774
1775
1786
1796
1801
1818
1844
1856
1862
1873
1887
1888
1889
1900
1901
1906
1916
1924
1931
1956
1957
1961
1965
1966
1974
1981
1990
1993
2010
2012
2016
2018
2024
2026
2027
2029
2034
2047
2059
2060
2063
2072
2084
2100
2103
2111
2113
2131
2133
2142
2143
2158
2160
2162
2169
2171
2173
2177
2194
2195
2196
2203
2206
2220
2232
2233
2238
2241
2252
2259
2272
2275
2276
2279
2283
2296
2299
2319
2320
2324
2328
2329
2330
2331
2333
2335
2342
2359
2363
2365
2369
2371
2375
2381
2387
2388
2393
2401
2406
2407
2410
2427
2428
2435
2441
2442
2447
2452
2459
2460
2461
2463
2468
2469
2482
2484
2497
2501
2502
2509
2520
2522
2532
2535
2543
2546
2551
2552
2556
2560
2562
2577
2599
2609
2631
2637
2640
2652
2662
2665
2670
2674
2678
2687
2690
2708
2715
2722
2729
2733
2737
2739
2742
2756
2758
2772
2773
2787
2789
2792
2796
2798
2799
2801
2818
2826
2828
2831
2834
2841
2844
2845
2858
2863
2867
2874
2875
2882
2886
2888
2889
2894
2900
2902
2908
2911
2925
2930
2935
2936
2938
2942
2947
2948
2955
2967
2984
2987
2990
2993
2997
2999
3007
3023
3030
3039
3046
3054
3056
3067
3071
3076
3077
3103
3106
3111
3119
3120
3122
3125
3131
3132
3139
3144
3153
3154
3155
3162
3166
3169
3171
3186
3197
3208
3220
3225
3231
3237
3241
3249
3261
3262
3263
3274
3275
3287
3288
3295
3297
3304
3307
3310
3311
3315
3320
3323
3326
3329
3332
3335
3351
3362
3388
3395
3400
3403
3406
3411
3422
3426
3430
3432
3433
3435
3442
3443
3448
3459
3461
3465
3467
3468
3471
3473
3478
3482
3496
3502
3508
3510
3526
3537
3538
3542
3546
3548
3555
3566
3570
3576
3578
3589
3592
3608
3617
3620
3640
3655
3660
3679
3701
3707
3709
3713
3715
3720
3722
3730
3731
3734
3752
3753
3754
3755
3766
3768
3773
3776
3777
3781
3787
3788
3790
3793
3794
3810
3878
3884
3885
3891
3901
3919
3920
3926
3929
3932
3934
3939
3942
3946
3950
3958
3960
3962
3963
3989
3992
3996
4006
4010
4029
4043
4067
4078
4080
4081
4084
4097
4108
4131
4132
4133
4134
4139
4144
4150
4164
4173
4178
4184
4203
4212
4231
4235
4238
4241
4242
4243
4245
4263
4269
4276
4283
4288
4289
4296
4297
4302
4314
4319
4323
4328
4331
4358
4364
4365
4366
4384
4386
4396
4401
4405
4406
4409
4410
4411
4416
4427
4429
4432
4439
4445
4463
4464
4465
4483
4494
4522
4528
4541
4543
4545
4546
4565
4566
4571
4572
4575
4581
4586
4600
4602
4616
4633
4640
4651
4652
4653
4661
4673
4675
4698
4699
4702
4722
4729
4731
4732
4745
4750
4756
4760
4771
4775
4795
4807
4818
4820
4821
4857
4858
4861
4866
4867
4870
4883
4889
4893
4909
4917
4937
4939
4948
4957
4958
4962
4965
4967
4988
4995
5000
5002
5003
5005
5010
5027
5028
5033
5043
5044
5049
5053
5054
5072
5080
5089
5099
5108
5112
5123
5128
5131
5141
5145
5159
5161
5172
5173
5178
5179
5185
5188
5189
5201
5203
5204
5213
5229
5231
5239
5259
5265
5274
5282
5287
5296
5297
5305
5307
5309
5310
5313
5314
5335
5336
5337
5338
5346
5350
5355
5365
5376
5380
5381
5389
5390
5406
5410
5413
5423
5428
5433
5434
5438
5441
5444
5447
5452
5457
5458
5468
5471
5472
5474
5501
5502
5504
5509
5514
5526
5529
5551
5554
5555
5560
5568
5570
5576
5583
5584
5595
5607
5638
5651
5660
5666
5668
5679
5685
5691
5698
5699
5709
5724
5730
5733
5735
5738
5748
5754
5757
5759
5763
5770
5786
5788
5800
5815
5821
5822
5837
5843
5845
5852
5858
5859
5860
5862
5874
5879
5883
5885
5893
5912
5915
5923
5924
5931
5935
5952
5957
5961
5963
5964
5977
5985
5987
5988
6009
6022
6026
6043
6047
6049
6051
6055
6064
6067
6073
6080
6097
6102
6106
6107
6121
6137
6151
6163
6164
6166
6177
6185
6192
6194
6203
6212
6218
6241
6242
6245
6249
6262
6264
6293
6311
6341
6343
6344
6349
6350
6351
6354
6360
6370
6372
6376
6377
6379
6392
6393
6405
6410
6420
6421
6427
6431
6432
6444
6445
6465
6469
6482
6483
6488
6489
6493
6506
6515
6538
6550
6558
6561
6571
6577
6578
6586
6587
6589
6592
6597
6602
6612
6619
6624
6627
6630
6631
6634
6638
6646
6676
6679
6683
6686
6688
6703
6704
6722
6731
6733
6736
6740
6760
6763
6766
6770
6772
6773
6774
6793
6795
6798
6805
6808
6814
6815
6816
6821
6831
6837
6857
6864
6867
6884
6887
6901
6902
6915
6917
6918
6921
6923
6925
6932
6934
6939
6940
6941
6945
6962
6968
6981
6984
6989
6991
6994
6997
7004
7007
7012
7015
7019
7022
7033
7043
7045
7048
7050
7053
7060
7067
7107
7123
7126
7133
7140
7146
7155
7174
7182
7183
7185
7188
7190
7194
7199
7209
7211
7219
7221
7222
7224
7238
7256
7257
7264
7269
7270
7281
7290
7302
7305
7320
7345
7349
7350
7352
7356
7357
7362
7365
7371
7372
7373
7374
7391
7398
7405
7409
7431
7434
7439
7444
7445
7449
7466
7467
7477
7480
7482
7489
7497
7502
7527
7546
7552
7553
7556
7557
7574
7595
7607
7609
7610
7612
7614
7621
7625
7631
7632
7633
7634
7638
7639
7652
7655
7657
7662
7668
7680
7681
7685
7690
7691
7699
7702
7703
7719
7720
7722
7728
7738
7742
7756
7789
7793
7794
7798
7812
7833
7848
7867
7868
7877
7880
7885
7887
7896
7916
7924
7928
7932
7933
7939
7948
7960
7963
7970
7973
7993
7994
8005
8018
8034
8060
8068
8081
8085
8090
8095
8114
8115
8128
8132
8136
8140
8142
8147
8163
8167
8183
8192
8193
8195
8204
8217
8220
8221
8237
8241
8245
8257
8269
8283
8284
8315
8320
8322
8323
8347
8350
8356
8369
8373
8385
8390
8391
8411
8422
8437
8439
8440
8448
8449
8452
8453
8459
8460
8471
8473
8483
8485
8493
8507
8514
8516
8527
8528
8532
8547
8564
8567
8577
8578
8581
8585
8586
8590
8591
8593
8598
8599
8601
8604
8613
8618
8630
8633
8662
8664
8673
8692
8695
8700
8715
8722
8724
8730
8734
8744
8745
8755
8767
8768
8769
8796
8805
8815
8819
8832
8840
8849
8854
8863
8887
8892
8905
8915
8918
8921
8935
8936
8945
8948
8952
8954
8956
8967
8976
8980
8982
8987
8990
9012
9017
9025
9028
9029
9030
9035
9036
9037
9041
9045
9057
9058
9064
9068
9072
9075
9079
9092
9094
9095
9096
9098
9103
9119
9129
9139
9162
9165
9178
9189
9190
9195
9200
9203
9210
9222
9225
9228
9250
9255
9268
9290
9294
9296
9319
9327
9330
9334
9337
9364
9366
9373
9390
9391
9398
9399
9410
9412
9421
9428
9449
9454
9466
9470
9478
9497
9499
9505
9516
9526
9528
9535
9542
9550
9552
9555
9556
9557
9559
9563
9564
9580
9582
9587
9593
9605
9608
9610
9611
9618
9628
9636
9646
9662
9672
9674
9724
9729
9740
9749
9752
9753
9760
9777
9789
9792
9800
9805
9807
9808
9817
9818
9835
9842
9843
9849
9852
9865
9868
9873
9881
9899
9906
9910
9912
9919
9922
9927
9930
9942
9945
9964
9966
9968
9973
9996
10010
10012
10016
10021
10023
10026
10046
10058
10059
10076
10081
10083
10095
10101
10103
10106
10118
10119
10126
10130
10137
10152
10162
10171
10178
10185
10200
10213
10231
10245
10247
10250
10255
10272
10297
10307
10310
10311
10328
10343
10345
10357
10359
10361
10366
10368
10379
10384
10411
10427
10433
10434
10435
10449
10450
10457
10458
10475
10507
10517
10524
10532
10535
10538
10546
10549
10550
10553
10554
10555
10557
10568
10569
10574
10581
10583
10590
10602
10608
10622
10626
10637
10646
10648
10650
10653
10656
10658
10659
10661
10674
10686
10710
10725
10726
10727
10734
10736
10739
10740
10743
10745
10747
10754
10761
10782
10784
10789
10790
10793
10802
10813
10817
10837
10844
10845
10850
10882
10885
10897
10901
10934
10948
10949
10954
10955
10957
10967
10968
10969
10970
10971
10978
10980
10983
10986
10987
10989
11004
11006
11018
11021
11024
11041
11044
11046
11049
11051
11052
11060
11062
11071
11076
11078
11083
11090
11094
11098
11124
11134
11136
11143
11155
11164
11192
11203
11204
11205
11207
11211
11219
11220
11223
11229
11236
11249
11256
11259
11274
11276
11277
11282
11287
11293
11304
11307
11323
11332
11344
11350
11351
11371
11386
11397
11434
11438
11467
11469
11476
11478
11486
11494
11506
11507
11512
11515
11517
11530
11542
11546
11554
11564
11569
11571
11573
11576
11577
11582
11585
11586
11587
11593
11598
11600
11607
11653
11658
11672
11690
11691
11707
11716
11721
11723
11729
11733
11740
11744
11746
11749
11776
11792
11801
11809
11814
11816
11821
11841
11847
11848
11853
11855
11860
11861
11871
11875
11877
11884
11890
11929
11931
11948
11956
11960
11974
11975
11994
12015
12016
12037
12040
12044
12079
12083
12085
12088
12095
12100
12104
12114
12116
12127
12128
12135
12138
12142
12147
12153
12154
12161
12170
12176
12178
12192
12194
12197
12200
12213
12218
12221
12246
12250
12256
12257
12262
12265
12278
12307
12309
12326
12331
12338
12368
12369
12376
12377
12379
12386
11
384
2
98
338
69
149
11
76
140
222
398
