1216
0
23
24
29
31
32
34
37
55
58
62
71
78
80
102
110
143
149
150
152
153
158
162
167
171
183
185
187
192
194
239
242
249
254
261
265
269
279
288
290
293
297
298
303
308
309
319
325
326
344
363
383
415
422
427
431
436
438
440
460
464
467
468
471
472
479
480
483
486
493
496
497
514
516
519
525
528
537
554
555
566
570
575
587
588
595
596
600
603
605
607
613
616
617
631
632
633
634
635
645
660
661
675
676
682
683
688
692
699
701
718
726
729
744
748
750
752
761
764
771
776
777
785
787
788
790
804
817
822
827
833
839
843
844
846
848
849
854
868
870
881
897
904
905
909
912
916
917
924
932
959
960
963
964
966
969
972
988
989
992
993
1005
1017
1018
1019
1026
1029
1033
1041
1049
1052
1066
1067
1070
1071
1074
1097
1102
1103
1117
1129
1144
1152
1153
1155
1161
1163
1164
1170
1172
1174
1175
1176
1184
1193
1195
1207
1214
1239
1244
1245
1249
1250
1256
1261
1269
1272
1278
1291
1295
1296
1299
1303
1307
1311
1327
1330
1342
1350
1352
1353
1355
1360
1371
1377
1389
1401
1406
1407
1411
1414
1417
1425
1443
1453
1455
1463
1468
1470
1478
1483
1496
1503
1505
1510
1511
1516
1520
1533
1536
1544
1550
1553
1556
1576
1579
1584
1585
1600
1603
1604
1613
1614
1615
1619
1627
1651
1654
1655
1672
1679
1680
1684
1688
1690
1695
1697
1709
1710
1720
1728
1730
1738
1746
1747
1755
1765
1769
1778
1787
1791
1803
1809
1811
1813
1820
1825
1829
1835
1836
1842
1858
1862
1864
1871
1878
1885
1888
1891
1919
1925
1934
1944
1952
1955
1959
1963
1966
1970
1982
1983
1993
1994
1997
2003
2009
2014
2024
2031
2032
2039
2046
2057
2063
2064
2074
2075
2085
2087
2103
2104
2115
2124
2126
2129
2132
2133
2145
2154
2159
2162
2167
2168
2187
2191
2196
2199
2205
2208
2210
2211
2212
2215
2219
2221
2225
2227
2242
2255
2263
2264
2282
2283
2285
2288
2292
2295
2296
2299
2307
2309
2311
2314
2322
2331
2332
2355
2357
2363
2373
2375
2383
2389
2392
2395
2399
2406
2413
2417
2419
2422
2423
2430
2443
2444
2452
2456
2458
2468
2469
2480
2483
2485
2491
2503
2505
2521
2524
2531
2539
2544
2559
2576
2588
2596
2607
2609
2611
2612
2613
2615
2617
2618
2625
2631
2634
2635
2641
2644
2662
2670
2674
2676
2678
2680
2690
2700
2709
2720
2721
2781
2793
2799
2801
2807
2816
2817
2819
2832
2839
2843
2844
2850
2860
2861
2878
2896
2903
2910
2916
2919
2922
2925
2952
2956
2960
2968
2992
2993
2995
2996
3002
3021
3023
3042
3053
3058
3081
3095
3108
3113
3117
3121
3128
3130
3133
3144
3182
3184
3190
3199
3204
3213
3223
3225
3228
3243
3247
3263
3278
3284
3285
3286
3290
3304
3309
3319
3328
3332
3345
3371
3376
3377
3385
3392
3410
3423
3427
3447
3452
3462
3464
3470
3472
3474
3497
3499
3501
3504
3518
3519
3526
3531
3544
3545
3554
3560
3563
3576
3586
3590
3596
3606
3612
3624
3644
3647
3648
3656
3663
3665
3669
3672
3681
3690
3699
3702
3703
3704
3716
3717
3719
3722
3731
3738
3743
3761
3763
3767
3771
3781
3782
3786
3788
3791
3799
3808
3811
3812
3813
3817
3818
3824
3831
3835
3837
3849
3858
3863
3865
3866
3870
3877
3883
3887
3889
3890
3901
3910
3917
3923
3925
3931
3933
3936
3944
3945
3948
3950
3957
3958
3967
3973
3976
3977
3982
3984
3989
3991
3999
4005
4010
4018
4020
4022
4025
4027
4049
4053
4062
4063
4065
4072
4079
4095
4100
4110
4146
4154
4165
4166
4172
4176
4179
4188
4194
4198
4209
4212
4213
4215
4223
4232
4246
4252
4254
4255
4281
4288
4301
4348
4361
4369
4373
4374
4383
4393
4404
4414
4415
4428
4436
4452
4468
4473
4481
4482
4486
4492
4495
4504
4509
4510
4511
4516
4523
4528
4535
4546
4551
4553
4567
4569
4571
4575
4581
4585
4608
4611
4613
4614
4625
4630
4637
4647
4665
4668
4679
4682
4694
4722
4727
4731
4738
4741
4744
4755
4761
4767
4777
4789
4791
4793
4805
4808
4816
4833
4836
4844
4845
4847
4871
4882
4885
4889
4892
4894
4915
4927
4928
4929
4931
4957
4958
4969
4977
4985
4993
5003
5011
5013
5033
5042
5046
5049
5066
5074
5076
5078
5087
5097
5103
5105
5127
5134
5141
5150
5159
5160
5171
5191
5211
5219
5231
5238
5245
5261
5264
5265
5276
5282
5285
5299
5300
5306
5319
5320
5323
5325
5327
5333
5334
5339
5341
5345
5348
5351
5356
5365
5375
5392
5400
5404
5405
5409
5413
5414
5419
5423
5457
5462
5466
5491
5505
5516
5519
5521
5548
5549
5561
5568
5575
5576
5578
5585
5612
5615
5617
5626
5630
5631
5650
5659
5661
5668
5673
5692
5697
5712
5719
5728
5733
5747
5752
5753
5756
5760
5773
5774
5775
5786
5787
5789
5812
5813
5819
5826
5834
5839
5850
5854
5856
5860
5864
5867
5880
5896
5900
5913
5930
5934
5935
5938
5941
5956
5961
5972
5977
5978
5986
5991
6028
6033
6038
6041
6057
6058
6062
6070
6076
6078
6081
6087
6089
6095
6098
6104
6111
6112
6113
6119
6120
6121
6140
6142
6160
6177
6180
6191
6193
6199
6200
6204
6207
6209
6212
6215
6217
6218
6222
6227
6245
6249
6262
6277
6293
6317
6330
6346
6358
6363
6390
6400
6408
6412
6413
6414
6422
6436
6440
6449
6455
6458
6463
6464
6467
6475
6487
6490
6495
6496
6500
6502
6520
6522
6535
6538
6540
6546
6568
6572
6580
6627
6629
6630
6633
6635
6643
6669
6672
6679
6686
6700
6701
6706
6726
6737
6750
6752
6755
6771
6783
6784
6790
6810
6821
6830
6849
6853
6865
6870
6875
6878
6882
6883
6907
6909
6925
6928
6929
6931
6941
6953
6962
6967
6976
6984
6990
7005
7009
7010
7020
7026
7028
7058
7060
7061
7078
7102
7109
7125
7127
7134
7138
7152
7156
7157
7160
7166
7171
7173
7175
7181
7182
7184
7186
7190
7199
7201
7204
7208
7210
7212
7213
7219
7229
7233
7252
7257
7259
7262
7268
7270
7284
7300
7303
7312
7318
7321
7323
7334
7336
7338
7344
7358
7361
7365
7378
7381
7382
7389
7392
7397
7406
7407
7409
7422
7429
7430
7439
7453
7461
7463
7470
7475
7479
7489
7498
7508
7510
7516
7522
7536
7538
7543
7564
7567
7571
7576
7577
7590
7593
7602
7603
7612
7617
7630
7644
7659
7663
7665
7670
7677
7678
7679
7681
7684
7689
7697
7699
7700
7704
7713
7719
7723
7729
7741
7742
7746
7753
7773
7774
7775
7798
7806
7814
7818
7838
7844
7847
7857
7867
7897
7901
7916
7917
7922
7925
7931
7935
7941
7944
7946
7952
7959
7960
7973
7996
8002
8012
8020
8035
8041
8042
8043
8054
8056
8057
8059
8062
8076
8088
8109
8110
8118
8139
8141
8152
8157
8171
8173
8177
8184
8185
8193
8204
8206
8207
8228
8233
8236
8239
8242
8254
8257
8261
8264
8272
8282
8288
8289
8290
8294
8297
8302
8305
4
0
115
22
175
