685
5
6
8
9
14
16
26
30
42
43
52
57
64
68
83
93
98
102
104
105
108
115
119
120
121
122
124
125
133
135
138
140
142
143
144
146
147
155
162
163
165
169
170
171
175
181
186
190
195
198
201
212
214
217
223
225
228
229
230
234
235
238
239
240
245
248
249
251
255
263
265
267
268
270
271
275
279
280
285
291
295
302
311
315
317
330
332
336
337
341
349
350
352
359
363
365
367
371
376
378
384
385
388
392
395
397
406
412
422
429
432
434
440
441
446
450
453
455
459
460
461
465
468
470
472
477
478
482
483
484
488
489
490
492
494
497
499
501
508
509
514
515
519
531
535
539
541
542
548
552
554
559
564
572
577
583
590
591
594
596
597
612
613
618
625
626
629
631
633
638
646
647
651
652
653
655
656
661
662
668
670
672
673
674
675
684
688
690
691
692
694
698
707
708
713
714
715
720
725
727
731
735
736
738
739
740
744
745
746
749
753
764
766
768
769
774
776
777
783
786
787
796
799
802
807
808
813
817
819
823
824
825
826
830
835
837
843
846
848
853
855
856
864
867
876
877
880
884
888
892
895
897
904
910
920
923
928
932
934
936
940
953
955
957
961
968
970
975
984
986
988
990
994
996
997
998
1001
1002
1007
1009
1012
1027
1028
1034
1035
1036
1047
1048
1056
1062
1063
1088
1089
1093
1096
1101
1102
1103
1107
1109
1112
1113
1121
1130
1134
1137
1139
1141
1143
1146
1147
1149
1150
1153
1159
1162
1163
1164
1177
1178
1181
1186
1189
1190
1192
1206
1207
1208
1215
1220
1221
1225
1226
1229
1230
1239
1246
1248
1249
1253
1254
1264
1266
1278
1280
1288
1290
1294
1306
1308
1309
1314
1320
1322
1331
1335
1340
1342
1343
1344
1346
1356
1357
1360
1374
1377
1381
1396
1399
1400
1411
1412
1414
1421
1426
1434
1435
1441
1442
1444
1445
1448
1449
1453
1458
1460
1461
1463
1464
1465
1466
1470
1474
1484
1485
1494
1499
1500
1502
1503
1505
1511
1513
1516
1517
1519
1520
1521
1524
1528
1530
1537
1552
1562
1564
1570
1571
1575
1582
1584
1585
1589
1592
1594
1596
1600
1602
1604
1613
1622
1627
1628
1643
1649
1650
1655
1656
1659
1661
1663
1666
1669
1677
1681
1691
1694
1695
1696
1706
1712
1714
1717
1718
1721
1723
1728
1729
1731
1732
1733
1736
1739
1741
1743
1760
1764
1765
1767
1773
1776
1779
1780
1783
1784
1788
1791
1793
1794
1795
1797
1803
1808
1810
1811
1816
1818
1825
1828
1832
1834
1837
1842
1843
1844
1849
1850
1854
1855
1856
1858
1860
1867
1868
1869
1876
1877
1887
1892
1901
1910
1916
1921
1922
1924
1928
1929
1939
1958
1959
1963
1964
1965
1968
1974
1988
1992
1993
1994
2001
2006
2007
2012
2037
2039
2041
2045
2046
2049
2050
2051
2056
2059
2060
2066
2070
2071
2079
2094
2095
2108
2115
2117
2120
2124
2125
2126
2128
2129
2137
2143
2145
2151
2155
2164
2171
2173
2176
2185
2187
2195
2197
2201
2205
2207
2214
2218
2227
2230
2231
2232
2235
2245
2253
2255
2267
2269
2271
2275
2276
2282
2287
2290
2292
2294
2295
2303
2306
2307
2309
2312
2313
2317
2319
2326
2327
2328
2332
2333
2335
2338
2339
2343
2349
2354
2361
2365
2366
2369
2372
2373
2379
2381
2386
2388
2394
2395
2399
2403
2409
2412
2416
2430
2436
2447
2455
2460
2461
2465
2470
2473
2474
2475
2482
2484
2485
2488
2489
2490
2494
2499
2500
2502
2506
2507
2510
2511
2512
2513
2514
2516
2520
2521
2522
2523
2524
2526
2529
2532
2533
2534
2543
2544
2550
2559
2561
2563
2565
2567
2569
2582
2586
2588
2589
2603
2623
20
32
96
99
131
5
134
7
107
81
146
83
20
84
23
56
57
90
122
123
157
