609
0
3
4
8
9
12
16
17
20
28
38
39
42
43
56
57
59
61
65
67
68
69
73
76
79
80
88
91
92
94
95
98
102
105
111
113
115
117
118
119
125
127
132
133
134
135
137
140
141
147
150
153
154
155
156
159
163
167
169
170
171
175
176
177
180
181
184
185
188
191
192
193
195
200
205
207
210
215
216
218
220
221
223
225
226
227
232
233
234
236
237
240
241
248
251
253
254
260
265
270
271
272
273
274
275
276
277
280
281
282
283
284
286
287
292
294
295
296
301
304
305
317
320
321
324
326
332
333
337
338
341
342
345
352
354
356
359
362
365
373
375
376
379
380
382
384
387
392
394
400
401
402
403
404
405
407
408
415
416
431
432
433
439
440
441
443
445
447
451
452
455
458
461
463
466
467
468
472
475
479
481
482
483
484
485
486
487
488
493
496
498
499
501
502
504
507
508
512
513
516
517
518
520
523
527
531
537
539
540
542
548
550
564
566
568
569
570
578
583
588
590
593
598
599
600
604
606
609
612
613
615
616
621
622
625
626
631
638
644
647
652
653
665
666
667
668
670
671
675
682
689
691
692
698
700
701
707
708
709
713
714
715
718
722
723
724
725
726
729
734
737
739
742
745
746
747
753
754
758
763
764
768
769
770
773
776
779
780
788
792
796
798
800
804
807
809
810
811
812
814
818
819
824
827
831
834
842
843
847
848
849
851
852
853
855
856
857
866
868
869
872
873
876
879
880
881
882
883
884
888
891
898
899
902
904
907
908
909
910
913
915
916
917
922
923
925
938
939
940
951
952
953
958
960
962
968
972
973
975
976
978
983
984
988
989
992
994
997
1001
1004
1006
1009
1011
1019
1020
1021
1025
1026
1027
1030
1032
1033
1036
1037
1039
1040
1043
1049
1050
1052
1053
1066
1067
1069
1070
1071
1073
1074
1076
1077
1080
1088
1090
1091
1093
1095
1101
1102
1103
1104
1105
1109
1110
1111
1113
1115
1126
1130
1131
1137
1139
1141
1142
1149
1152
1155
1158
1159
1162
1167
1168
1178
1180
1181
1182
1183
1184
1186
1189
1195
1196
1198
1200
1201
1203
1204
1205
1206
1209
1216
1217
1224
1225
1229
1230
1231
1233
1238
1239
1242
1251
1255
1257
1264
1267
1268
1269
1271
1273
1275
1276
1277
1279
1280
1281
1282
1284
1294
1296
1297
1299
1303
1305
1306
1308
1310
1312
1315
1316
1317
1318
1322
1323
1326
1327
1332
1334
1335
1338
1340
1342
1344
1346
1352
1353
1354
1355
1356
1357
1358
1359
1360
1361
1366
1370
1371
1378
1380
1381
1386
1388
1390
1392
1396
1405
1406
1407
1409
1410
1413
1415
1418
1420
1423
1424
1425
1426
1427
1429
1430
1431
1434
1437
1438
1440
1443
1446
1448
1449
1450
1451
1453
1456
1457
1458
1459
1460
1461
1463
1465
1466
1467
1470
1472
1474
1476
1478
1480
1484
1487
1489
1490
1491
1493
1494
1495
1497
1498
1501
1506
1510
1512
1514
1518
1525
1531
1532
1533
1535
1536
1539
1545
1547
1548
1555
1561
1564
1567
1571
1576
1579
1582
1584
1585
1586
1590
1591
1599
1600
106
1
257
3
4
7
8
9
265
10
266
16
273
276
23
280
25
282
27
283
32
288
36
292
38
40
296
297
42
300
49
308
53
309
54
310
311
63
64
67
68
324
70
71
327
73
76
77
334
339
84
85
341
342
343
88
351
96
354
99
100
102
103
364
109
365
110
369
114
373
378
131
138
144
146
147
148
149
150
153
159
162
167
170
171
174
182
187
188
191
192
193
197
210
211
212
215
219
226
228
233
234
240
241
244
248
252
