394
1
3
16
41
44
52
80
91
109
135
145
146
153
175
177
188
191
218
228
242
250
270
294
297
299
316
338
343
360
364
381
410
415
469
480
497
535
536
551
584
595
620
625
674
679
717
719
723
735
740
749
772
780
799
812
823
845
858
866
870
895
915
961
983
992
1015
1020
1029
1032
1075
1076
1086
1094
1095
1096
1112
1167
1176
1198
1204
1211
1230
1246
1255
1282
1296
1315
1318
1422
1429
1503
1528
1535
1573
1584
1594
1597
1602
1615
1648
1666
1677
1684
1699
1720
1727
1732
1745
1768
1804
1807
1822
1839
1903
1923
1936
1953
1986
2076
2093
2105
2122
2137
2180
2183
2184
2201
2230
2245
2249
2271
2285
2306
2323
2324
2349
2359
2363
2416
2474
2490
2506
2522
2561
2590
2595
2599
2624
2627
2634
2648
2681
2707
2741
2788
2791
2801
2818
2820
2871
2897
2938
2946
2970
2986
3011
3012
3025
3067
3092
3131
3132
3170
3173
3189
3201
3208
3236
3240
3276
3308
3316
3326
3410
3488
3495
3505
3547
3562
3602
3603
3612
3615
3622
3632
3650
3658
3666
3695
3702
3703
3713
3727
3772
3774
3775
3791
3814
3818
3821
3839
3869
3877
3878
3898
3935
3937
3960
3961
3970
4004
4036
4094
4107
4112
4181
4231
4237
4254
4269
4305
4321
4336
4338
4349
4359
4365
4374
4403
4407
4439
4484
4489
4492
4515
4521
4529
4554
4564
4573
4585
4605
4618
4627
4636
4649
4665
4673
4717
4722
4742
4756
4760
4801
4810
4828
4869
4873
4901
4904
4906
4912
4932
4967
4969
5025
5027
5056
5067
5105
5147
5155
5163
5169
5195
5205
5228
5233
5289
5389
5390
5423
5427
5451
5453
5463
5525
5532
5548
5566
5571
5594
5606
5623
5625
5627
5682
5699
5748
5760
5772
5778
5789
5801
5837
5857
5859
5867
5871
5890
5904
5926
5943
5945
5953
5957
6030
6048
6058
6059
6071
6074
6089
6138
6147
6173
6241
6250
6262
6348
6366
6400
6406
6456
6462
6477
6506
6511
6530
6540
6558
6571
6643
6652
6663
6673
6686
6706
6724
6725
6731
6732
6739
6778
6801
6820
6837
6904
6956
6976
7004
7011
7013
7057
7062
7102
7138
7141
7178
7185
7188
7189
7207
7212
7248
7268
7288
7289
7296
7299
7314
7327
7330
7355
3
333
10
386
