437
0
1
6
9
10
11
12
17
20
22
23
25
27
29
30
31
35
36
39
41
44
46
50
54
56
57
60
66
69
70
76
79
83
84
86
88
89
90
99
101
104
105
107
109
110
111
112
113
117
120
124
129
132
134
135
137
138
140
143
147
148
150
153
157
159
160
162
164
168
174
175
177
178
179
180
184
185
188
190
191
193
196
198
199
201
203
204
205
208
217
221
222
223
226
230
231
232
237
238
239
244
245
246
251
252
255
257
259
261
262
264
265
266
267
268
269
273
283
285
288
291
292
296
297
299
301
302
304
307
308
309
312
314
315
316
319
322
323
326
329
330
339
340
341
342
344
345
347
348
349
352
355
356
359
360
363
366
367
368
369
371
373
374
375
378
380
384
385
387
389
393
394
398
399
400
402
404
406
412
413
414
417
419
420
429
433
435
436
438
442
443
445
448
450
451
452
454
455
457
460
461
462
463
464
466
468
470
472
474
476
488
491
493
495
499
501
502
504
507
509
510
513
515
517
518
520
522
524
535
538
540
542
547
548
549
553
554
558
560
561
562
563
571
572
576
577
580
581
582
584
588
590
592
594
598
601
603
606
611
617
618
620
625
627
628
629
630
631
632
634
636
637
638
640
642
643
644
648
650
651
652
653
655
656
657
658
660
663
664
666
667
670
671
672
673
674
675
678
680
681
682
685
687
688
692
695
696
700
703
709
710
712
716
717
722
726
727
729
730
731
732
735
741
742
743
746
747
749
750
753
754
759
761
762
763
764
765
767
768
774
780
781
789
790
793
794
799
801
802
803
804
807
808
809
811
812
813
817
818
820
824
825
826
833
835
837
841
842
846
850
852
853
854
860
861
862
864
865
867
869
877
878
879
880
882
883
885
886
890
891
892
893
896
897
906
908
910
912
913
914
915
921
923
924
926
927
929
930
934
937
939
941
945
947
956
961
962
965
968
970
974
976
985
990
992
996
998
999
1002
1005
1007
1008
1009
1014
1016
1019
1020
115
1
258
5
6
263
8
9
265
10
266
13
14
16
20
21
277
278
280
25
285
31
287
288
34
290
35
37
294
39
296
41
297
42
298
43
301
304
308
53
54
310
55
316
66
322
323
68
69
326
73
75
334
336
338
84
90
91
349
95
351
352
99
100
101
360
363
109
365
113
114
370
115
117
123
124
128
135
136
138
139
142
146
157
158
160
161
164
167
168
169
171
175
182
186
188
192
193
199
200
201
202
205
207
212
214
215
218
222
223
227
231
236
238
239
253
