594
0
1025
2
1026
3
4
1030
8
9
1033
10
1034
1035
12
1036
1037
14
1039
1040
17
1043
20
1046
23
1047
1049
1050
28
1052
1053
33
34
1061
38
1063
1064
43
1067
1070
1071
1073
50
1076
1077
1079
56
57
1083
61
62
63
1088
65
1089
1090
67
1091
1092
69
1093
1094
1096
1098
1101
1102
79
1103
1104
1105
83
1109
1110
1111
88
1112
1113
91
93
94
95
96
1121
102
103
105
1130
1131
1137
117
1141
1142
119
1143
1144
1146
123
125
1149
1152
132
1156
133
134
1159
1160
137
1162
140
141
1165
1168
1169
1170
150
154
1180
1181
1182
1183
1186
163
1188
1189
167
169
170
1195
172
1196
1197
174
1199
1200
1201
178
179
1203
180
1204
181
1205
1206
185
191
1216
1217
195
198
200
1225
1228
205
1229
1230
207
208
1232
1234
212
1238
215
1239
1240
217
218
1242
221
224
226
1250
1251
229
230
1255
232
233
234
1259
236
1260
238
1263
1264
241
243
1267
1269
246
1271
251
1275
253
254
1279
1280
260
1284
1288
265
266
267
1296
1297
275
1299
276
277
279
282
1306
283
1308
285
1310
287
288
1312
1315
292
1316
1317
294
1318
296
1320
298
299
302
1326
1327
304
1330
1332
1334
314
1338
315
1340
1342
1343
320
1344
321
324
1349
326
1350
328
1353
1354
332
1357
1360
337
1361
338
1362
1365
1366
345
1369
347
352
354
1378
356
1380
1381
361
1386
365
366
1390
1393
370
372
1396
374
1399
376
1400
1401
378
1402
379
380
1404
1406
384
1409
387
1411
389
1413
390
1415
394
1418
1420
1422
1423
400
1424
401
1425
402
1426
1427
404
1428
1429
406
408
411
1435
1438
415
1439
416
1440
1441
418
1443
1453
1457
1458
437
1463
440
1466
443
1468
445
1469
1470
1472
1474
1475
452
1478
455
1479
1480
459
1483
461
1485
463
1487
1489
466
1490
467
1491
468
1492
1493
1494
1495
1498
475
1501
1506
483
484
486
1510
488
1512
1513
1515
494
1518
495
496
1521
498
501
1525
502
505
1531
508
1532
509
1535
512
1537
1539
517
1542
1543
520
1545
1547
527
1555
1557
535
1559
537
539
540
1564
1565
542
1567
545
1571
1572
550
552
1578
559
1584
562
564
566
1591
568
569
1593
570
571
1597
575
1599
1600
578
582
584
586
587
588
590
593
594
598
600
604
605
606
609
612
613
615
621
622
625
630
633
634
638
639
642
647
652
653
658
662
665
666
667
668
674
675
676
681
684
689
694
696
700
702
703
705
708
709
713
715
718
722
725
731
733
734
737
739
742
749
753
757
758
761
763
764
765
773
776
779
780
782
785
787
792
796
798
803
807
812
815
818
819
820
824
831
832
842
843
847
848
849
851
852
853
856
857
858
859
860
866
869
872
873
876
878
879
880
882
883
889
891
893
895
898
901
902
905
907
909
910
913
917
919
923
927
931
932
936
937
938
940
953
954
958
961
962
965
966
968
969
972
973
977
978
981
982
983
984
988
989
992
994
996
997
1001
1004
1006
1009
1011
1014
1016
1020
1021
105
257
3
4
8
9
265
266
16
273
276
21
22
23
279
26
283
288
36
38
295
296
297
42
298
300
45
301
49
305
52
308
53
54
310
311
321
67
68
325
70
71
72
73
334
338
83
342
343
351
97
98
354
356
102
103
109
365
112
113
118
374
375
378
125
126
128
132
141
144
146
147
148
150
153
157
158
167
172
174
182
184
185
186
187
188
191
192
193
202
211
213
219
224
228
231
234
237
239
240
244
246
247
248
251
252
