1353
2
4101
4102
4105
6153
10
2061
4109
8206
4111
8210
8211
4117
22
2070
24
8216
25
4122
27
2075
6175
8223
6176
4130
8227
2085
39
8234
4139
2092
4140
6189
2094
2096
4144
8240
49
4145
8243
6197
8245
54
6198
2106
4154
6202
8250
2107
6204
6206
64
8256
65
66
8258
67
4164
69
6213
71
4167
6215
6216
2124
6222
79
4176
81
4178
8275
4180
8277
4183
2136
89
2137
8284
93
94
6238
4191
8287
96
97
8290
8292
2149
4197
102
103
6247
6251
108
2156
6253
110
6256
4209
2162
4211
8308
2168
4216
6265
2170
4218
8314
8316
4221
6269
6270
6271
8319
4225
4226
6276
133
4230
8326
135
2184
6280
137
8330
2187
8331
140
4236
8332
6285
4240
146
8340
2197
153
2203
4251
8347
6301
158
2208
2210
4258
8355
4262
8358
4264
6314
8362
8363
8365
6318
175
4271
6319
176
6320
6321
2226
6323
8371
2230
185
2233
4281
2235
190
2239
6338
6340
198
4294
199
4296
2249
2251
204
206
2254
2257
210
213
4312
219
2267
6365
222
2270
4321
228
233
4332
2288
241
242
6386
243
6387
4341
6389
246
248
250
2298
6394
2300
2301
254
2302
4352
2305
261
2309
6407
2314
6411
268
2316
269
2319
4367
2320
274
6419
2324
6422
281
2329
4377
282
6428
2335
4384
4385
4386
6438
2344
299
2347
4396
6444
302
303
2351
2353
6449
2354
4402
308
4404
2357
6456
4410
315
322
6466
2372
2375
2376
329
6473
4428
333
4430
4431
6479
4432
6480
338
2386
4435
4439
4442
4446
2400
353
356
2404
6500
4456
6507
365
4466
6514
6518
6519
377
2427
4477
6526
383
2433
4481
394
6541
4495
2449
4497
6546
2453
6549
406
2455
2456
411
4507
6556
2461
4510
2464
4516
421
422
424
2472
425
6571
432
4529
2482
6578
2484
4532
6580
4534
2487
6583
4536
443
4546
6594
4548
454
2502
2510
4559
2512
4560
468
4564
470
2518
4567
6616
2521
475
2524
479
6624
2529
4579
6627
4580
487
2535
2538
492
6636
4589
2546
499
2547
2549
503
6647
504
6651
508
2556
6655
512
6657
514
2563
4613
2566
522
2572
2573
4622
6670
2576
6672
6673
4626
6674
531
4628
533
2582
6679
4632
537
2587
6684
541
6689
6691
2597
4645
550
6695
552
4649
554
555
556
6700
6702
6711
4664
2618
4666
2619
6715
573
4669
576
2627
4675
581
6725
2630
584
2632
2634
4685
6734
591
4688
2642
595
4693
4695
2649
602
2652
6753
6755
2660
4708
6756
2662
2663
4711
616
4713
618
619
4716
6765
624
2672
625
629
2678
6775
6776
637
6788
645
2693
647
648
4747
6798
655
2703
4751
6799
4752
657
2705
4754
4755
660
661
4757
6805
4759
6809
4764
669
2719
672
2720
2721
674
4770
4776
2731
4783
6834
4787
6836
2741
4789
4791
2747
6843
6848
705
2753
4801
6849
706
4803
708
6852
4805
2760
6856
2761
714
2762
715
2763
6865
722
724
2773
4821
731
732
4828
2783
737
4833
2786
6883
6884
741
2789
6885
2790
745
2793
6890
2801
4851
2804
2805
4853
6902
6905
6906
4859
6907
6909
767
6911
4866
2822
775
6919
776
2827
2829
4877
6926
784
4888
6936
2841
4889
4891
4893
2847
4899
6947
2853
809
4907
812
6957
6961
2866
6962
2867
4917
2870
4920
6968
825
4925
4930
835
837
838
4937
842
6986
4942
2895
6992
4945
4947
2901
855
4951
6999
2905
2906
2911
864
2913
866
4964
4966
4967
7016
874
876
2924
883
2934
7030
4983
7033
4986
4987
4989
894
4990
895
7039
2944
897
7043
4997
4999
2954
5004
7052
2959
2961
2962
915
5012
7060
5017
2971
5022
2976
7073
7074
931
932
934
936
938
2987
7083
942
2991
2993
5041
7091
3000
5049
955
5054
959
3007
961
3010
963
5060
965
967
3016
970
5066
5067
5068
7116
7118
7119
977
5073
979
3027
5075
5077
7126
986
988
7132
7133
5087
992
5088
5089
994
3045
7142
999
3047
1007
7151
1009
7155
3066
7162
1019
3067
7164
7165
1022
5118
5122
5123
7172
3081
5135
7184
3090
5138
5140
1046
3094
3095
5143
5144
7194
3099
3101
7198
7201
3107
1060
1062
3111
1064
7212
5165
7214
3119
7218
1075
3126
5174
3127
5175
7223
5177
3133
5184
5186
7235
3140
5189
1097
7241
1100
1102
3150
5199
1104
1108
5204
5206
7255
1112
1114
3162
5211
5212
1119
1120
7266
5221
3177
5226
5229
5231
3184
1137
3187
5235
1140
3189
7286
3191
5239
5241
3195
3200
1155
3204
7300
5255
7306
1164
7308
5262
3216
5264
3217
1170
5267
1173
3221
1175
3224
7323
5276
3230
1183
5280
1186
5283
7332
7333
1191
7335
1192
1197
5293
1198
7346
7347
7348
3253
1206
3254
7353
7354
7356
5309
1214
5310
3263
1216
3266
7362
3269
5319
3273
5323
7372
1229
7373
1231
3280
3281
7377
1234
3285
5334
7383
7387
5343
5345
7394
1252
3300
1255
3303
1256
5355
1266
5364
1269
7416
1273
3322
7418
1275
5371
7419
1276
5374
5376
3329
3333
7429
7430
7431
7432
3337
5385
3340
1297
7442
7443
7445
1306
1308
3357
7453
5412
1318
3366
3367
3369
5417
7466
5420
7468
1325
7472
5425
3378
5426
3379
7477
1334
7478
1338
1346
3397
5445
1352
7500
1357
5454
7502
5456
5457
3411
7507
7509
7510
5467
5469
7517
5483
7533
3438
7535
3445
5494
7542
1399
5495
5496
1407
3456
7552
3458
7554
3460
5508
3462
7558
7560
5514
5516
5519
1429
1431
3479
5531
7579
1437
3485
7581
1440
3488
7584
5537
5538
3492
7588
3495
3497
3498
1452
3507
3509
1462
5558
7607
5560
3519
7617
1474
1476
7622
1479
7623
1480
3528
5577
5580
7629
7630
1488
5587
3541
7638
1496
3545
3547
3548
7645
1502
7646
1503
3553
1507
3555
1508
5605
3558
3559
7655
5609
1515
5612
3566
3568
5618
1524
1525
1527
3575
5625
3578
7677
3582
1537
1538
5635
1541
5638
7687
3593
5642
5643
7691
1550
5648
1553
5653
5655
1562
3610
5661
1571
5668
1574
3623
5671
1580
7724
3629
7725
7726
3637
1591
3640
5689
7737
5690
3644
7740
3645
1598
3651
5704
1609
5705
1612
1613
5709
7759
1618
3667
3669
1623
1625
1626
3674
1629
5726
5736
3690
5739
1644
5740
7789
1647
5744
5745
5748
7797
1657
3707
1661
3709
7806
7809
3714
1667
5763
7812
3717
5766
3719
1672
5768
7817
3724
1677
7821
5774
7822
1679
1683
5779
1684
3733
7838
7839
3745
3746
1699
1700
1701
7846
1707
5808
1713
1715
1716
5812
1717
1719
3768
5816
1722
1723
5821
5823
7871
7872
7873
3779
1734
1736
3784
5837
1742
3790
7886
3791
3797
5846
3800
5848
1753
7898
3803
1759
3808
5856
1761
5859
7907
5861
1766
7912
3817
7915
1776
7921
3827
1780
7925
1786
7931
3836
5884
5885
5886
7936
3844
5892
1797
1799
3848
3849
3850
5898
1803
7948
5901
1807
3856
5905
7953
3859
3861
5911
1818
1819
3867
5917
3871
1826
3874
5922
3876
5926
7974
1833
3881
5930
1835
7981
1839
1840
1841
7986
3891
3892
1845
5941
3894
7991
1848
5945
7993
3898
7994
5947
7995
5955
8003
3909
3910
5961
1866
3915
8014
5967
1874
5970
5971
5972
3927
8027
1884
5980
5981
8029
1886
8031
5986
1892
8037
1894
1895
8042
3947
8044
5997
3950
5998
8047
1904
3952
6000
6001
8052
1909
8054
1915
1917
1920
8064
6018
8066
3972
1925
1926
6024
1930
8076
6029
8077
3982
8081
1938
1939
6036
8089
8090
6044
3997
1951
8095
4002
1957
6053
4006
6054
6055
1962
6058
8107
1964
1971
4019
1972
4020
8116
8119
8120
6075
8124
8126
4033
1987
6084
8134
6090
1995
1996
1997
8142
2001
8145
6099
4052
2006
4054
6104
8152
4057
6108
2013
4061
2015
2016
4064
4065
4076
2030
4079
8176
2036
4085
4086
2042
8186
6139
8189
2046
2047
14
128
69
101
9
79
242
342
55
311
26
124
253
31
383
