357
5123
7171
1028
1541
3590
1032
3593
7178
4623
6159
16
5648
3603
4627
20
532
2068
7188
7189
535
3610
5147
2076
4636
5149
6173
3615
4642
5155
1573
7205
3622
5670
2599
4649
4650
5162
2093
5166
48
3632
4657
5169
5682
6706
1076
4660
6708
5688
4665
5177
1597
574
1086
6720
4673
3650
5188
1605
6725
1094
1606
3142
2119
584
3658
78
2639
80
6224
7248
3665
595
6739
5204
3159
1112
2648
3161
608
4192
3170
6246
1642
620
4717
4207
4719
1648
4722
5748
3189
6262
7286
7288
2681
7289
2170
6778
2171
5760
3201
2180
135
4231
2184
2698
1677
4237
1167
5265
6801
5778
2707
2201
6809
3738
1182
7327
7330
1699
3239
168
5289
6825
2219
6315
1198
2736
3760
1204
1211
2235
5307
7356
1215
1727
3776
5312
1217
4801
4290
2245
3782
2759
5323
204
717
719
3791
1745
722
723
729
6873
6876
2271
1761
4321
5857
1250
228
3812
741
742
1255
3305
3818
1771
5867
3308
749
2285
3821
6895
4336
1777
4338
1267
1269
1273
250
1789
4349
4864
1282
5890
2820
4869
4359
1804
4365
270
1807
2831
1296
5904
5393
2323
2324
3860
4374
6938
283
3355
4379
3869
1822
799
3360
5922
1315
4901
294
2343
3368
5928
4906
299
811
6956
5423
3376
4912
2353
4401
4405
823
824
6456
5945
3899
316
6462
833
5953
1864
1354
3402
5451
2897
338
3410
2900
5463
6489
1372
7004
5982
3935
4447
2912
4962
7013
870
5478
360
4969
362
364
365
4973
4462
6511
2929
883
4467
3446
5494
3960
3961
1404
895
5503
3970
6530
1923
4999
6538
4491
4492
6540
1422
1940
1429
918
6038
7062
3479
410
411
5532
6557
414
6558
3488
6048
4513
4515
5027
4004
3495
3497
2474
7085
4014
4530
6580
1463
6074
7098
1468
3006
5056
1986
1987
6595
3524
4036
4554
5067
3535
3538
6610
980
1492
4564
2517
983
4569
474
5594
2013
6622
7134
1503
3552
7138
7141
5606
1000
6633
3562
5612
1007
6129
2547
2548
5623
6648
7160
5625
3578
3067
1020
4605
4094
3
263
10
27
