1868
8192
1
8193
8194
4099
4100
8198
11
8204
13
15
4111
8210
12307
4117
8213
12309
25
8217
4122
4126
34
4130
12322
4131
4132
40
41
12330
4139
12331
8237
8238
49
53
12343
8250
8256
8257
68
4164
12362
75
4173
4175
12368
81
12369
4178
12371
12374
88
12376
89
12378
8283
12379
92
4188
95
8287
12386
4195
4196
8292
4203
108
4211
119
4216
123
8315
125
8320
8322
8323
4231
136
4235
8332
4238
143
4241
4242
4243
4244
149
4245
8341
8347
157
8350
4263
4269
8367
180
8377
4283
4289
8385
194
196
8390
199
4296
4297
4302
4305
210
8406
8411
8422
8423
4331
241
243
8439
249
251
8443
4349
8448
257
4353
8449
4354
8452
8453
4358
8459
4364
8460
4365
4366
8469
4375
8471
8473
8478
4384
4386
8485
294
298
4396
4401
4405
310
4406
4410
8507
4413
8510
319
8511
4416
321
4418
8514
4419
4427
4429
335
8527
4432
8528
4441
4445
8541
354
366
4465
8564
373
8567
378
379
383
4479
385
4481
8577
4483
388
8580
8585
8586
397
4494
8590
8591
8592
401
4497
8595
405
8597
8598
8599
8601
410
415
4513
8613
426
4522
428
429
4528
434
8630
447
4545
4546
464
467
468
469
4566
8662
8664
4571
4572
479
4575
480
8673
4581
486
489
4586
492
8692
501
8695
4600
8700
4606
4616
8714
523
8715
524
8719
4625
8724
533
8730
540
4636
542
8734
4640
4645
8744
8745
4651
556
4652
4653
4658
8755
565
4661
571
8765
576
8768
4673
579
4675
586
8778
596
597
4698
4699
4702
4703
4704
609
611
8805
621
624
4720
4722
8819
4724
4729
634
4730
4731
636
4732
8832
8837
649
8842
651
8847
8849
4756
8854
8855
670
671
674
8866
678
4774
4775
8871
680
8877
4782
687
692
694
8887
697
698
4795
8892
4807
8905
4818
8915
4821
8918
4824
8921
8934
8935
4845
4847
8948
8952
4857
4858
770
4866
4867
772
774
8967
777
782
4879
8975
784
787
4883
788
8980
8982
791
4888
4889
8987
796
798
803
8995
804
8996
4901
813
4909
4913
9012
4917
9017
832
9025
835
9029
838
9030
9031
4937
844
9036
9037
846
9039
9041
9045
854
9046
9047
857
859
862
9054
9057
866
4962
9064
878
9072
9075
9079
888
4988
897
9091
900
9092
4998
9094
904
9096
5002
9098
907
908
5005
5006
912
5010
5011
916
9119
928
931
5027
5028
935
5033
938
945
9137
9139
5044
9142
5049
5050
955
5054
961
963
965
968
972
9164
973
5069
977
978
9172
5079
5080
985
9178
9179
988
989
9183
5089
9189
9190
1002
5099
9195
5103
9200
9203
9207
5112
5113
1018
9210
1020
1022
9218
5123
9219
1028
5128
9225
5131
9227
1037
5136
1041
5138
5141
1049
5151
1058
9250
1062
1063
9255
1065
1073
1074
5172
9268
1080
1081
5178
5179
5181
9277
5185
9283
5188
5189
1095
9287
9288
1098
1100
1103
9296
5201
9297
5203
1109
1110
5213
1118
9310
1121
9319
5229
5231
9327
1137
9332
9334
5239
5240
9337
1152
1153
5249
1155
5255
1160
5257
5259
5263
5266
1171
9364
9366
5274
9370
1179
1182
9385
9391
5296
9398
1207
1209
5305
5307
1213
5309
5310
5314
9410
9412
5322
1227
5327
5328
1234
1239
5335
5336
5337
9433
1248
1249
5346
1253
5350
1257
9449
1258
5354
5355
9454
5362
5365
1275
5375
5376
5379
1284
5380
5381
1286
9479
5386
5389
5390
9497
9499
5404
1311
9505
5410
5413
1320
9514
1324
9516
5421
5423
9520
5428
1334
1335
9528
5433
5434
9536
5441
1348
5444
9542
5447
1353
5452
9550
9552
5457
5458
9555
9556
9559
9563
9564
1373
9565
5471
5474
1384
1390
1394
5492
9593
1403
1405
5502
1407
5504
1410
5509
9605
9608
5514
9610
9611
1421
5519
1424
1425
5522
9618
5526
5527
1432
5529
9625
9628
1443
9636
1445
5543
9639
1448
1453
9646
5551
1457
5560
1465
9661
1470
9662
1473
1474
5570
1478
5576
9672
9674
1485
1488
5586
9684
1495
1497
5596
9693
1508
1510
1513
5609
1520
5616
1524
5623
9720
5625
1530
1536
9729
5634
1539
5637
5639
1547
9740
1554
9750
9753
5660
9758
9760
1570
5668
1573
5671
1579
9777
1594
1595
9789
5695
9792
5698
5699
1605
1606
9804
9807
9808
1617
9809
1618
1620
9818
5724
9821
5727
5729
5733
5735
9831
5738
9836
1646
9843
5748
1654
1658
5754
1659
9852
1661
9854
1663
5759
9865
5771
5773
1681
9873
9875
9878
1689
5786
5788
5790
1698
1701
1702
1703
1705
5807
1715
1716
5815
1720
9912
9913
1723
1725
5821
1726
5822
9919
9922
1733
1735
9927
9928
9930
5837
1742
1743
9936
5845
9942
5847
9945
5852
5859
9955
5860
5862
5863
1774
9966
1775
5871
9968
5879
1786
5883
5885
9986
5891
1796
1801
9996
1816
5912
1818
10010
1820
10012
5923
5924
10021
10023
10026
5931
5935
10034
1844
1845
10046
5953
10050
5957
1862
5961
10058
5963
5964
1873
1876
1878
5977
10074
1889
5985
10081
5987
10083
5988
1896
1900
1901
10094
1905
10101
6007
10103
6009
10106
1916
6013
10109
10115
1926
10119
1929
10121
1931
10126
6031
10130
1940
10135
6041
10137
1947
6043
6047
6049
6050
1957
10152
1965
10157
1966
6064
10162
6067
6073
1978
1979
10171
1983
6080
6082
10178
1990
6086
1993
1997
6094
6096
6097
6099
6102
2007
6106
6107
2012
2016
6113
6116
2021
10213
6119
2025
2029
2033
2034
10231
6136
6137
2045
6141
2047
10245
10247
10248
6154
10250
2060
2062
6159
10255
6164
6172
10272
2084
6185
6187
2094
6194
2100
2103
6200
6203
2110
2111
2113
6212
2117
10310
6218
10320
2131
2133
10328
2142
2143
10335
6240
6241
6242
10340
6245
10342
10343
6249
6250
2158
2160
2162
6258
10357
6262
10359
6264
6265
2171
2173
2177
6277
6283
10379
10380
6286
2192
10384
2194
2196
6293
2203
6300
2205
6301
10399
2210
10406
6311
6315
10411
10427
10429
2241
10433
10435
6343
2249
2252
6349
6350
6351
10449
10450
2259
2261
10455
6360
10458
6363
10461
2271
6370
2275
2276
6372
6374
2279
6376
6377
10478
2296
10488
6393
10496
6403
6405
10503
10505
10507
10509
10510
2319
2320
2321
2324
6420
6421
10517
10519
2329
2331
6427
10524
2333
6431
6432
2337
10532
10533
2342
6438
10534
10538
6444
6445
10549
10550
2359
2361
6457
10553
10554
2363
10555
2365
10557
2366
2367
2369
2373
6469
2375
10568
10572
2381
10574
6483
6486
6488
6489
2394
6490
6491
6493
2401
6497
2407
2410
10602
10608
10610
6517
2427
6525
10626
10629
6534
2439
2441
2442
6538
2447
2452
2453
10646
10648
2459
2461
10653
6558
2463
2468
2469
10661
2481
6577
2482
6578
10674
2484
6581
2486
10686
6596
6597
2502
2509
6612
10711
2521
2522
6619
6620
6623
10719
6624
10722
6627
2532
10725
6630
2535
6631
10727
2536
10734
2543
10736
2546
6642
10740
6646
2551
10743
2552
2553
10745
10747
10751
2560
2562
6669
6674
6676
6679
10775
2590
10782
6688
10784
10787
10789
2599
10793
2603
10798
6703
6704
2609
2610
10802
6708
6710
2619
6715
6717
10813
10817
6722
2630
10823
10826
6731
2637
6733
10829
6736
10832
10837
10844
6750
2656
10850
2660
10856
2665
6763
2670
6770
6772
6773
2678
10878
2687
6793
6794
6795
6798
10897
2709
6805
10901
10903
6813
2718
6814
6815
6816
6817
2722
6821
6824
10923
2735
2737
6834
2739
6837
2742
10934
6843
6849
2756
10948
2758
2759
6855
6857
10953
2764
10957
2772
2773
10967
10970
2781
10977
6884
10980
2789
6887
2792
6890
10987
10989
2798
2801
6902
11004
11006
2816
6912
2817
11009
6915
6917
6918
6921
2826
6923
11019
2828
11021
2831
2834
6932
6936
6937
6939
11035
6940
2845
6941
2848
11044
11046
6952
11049
6955
11051
11054
2863
6962
11062
6968
11068
11071
2880
11073
11076
6981
2886
11078
6984
11083
6989
6992
6994
11090
2899
2900
6997
2902
11094
11097
2908
7007
7010
11106
11109
2918
7019
2925
7022
2930
11124
2935
2936
7032
7033
2938
2942
11134
11136
2947
7043
2948
7045
11143
7050
7053
7054
7060
2967
11160
11164
7074
2984
2993
7089
2994
2997
3007
3008
7107
11203
11205
11207
11211
7116
7117
11213
3023
3027
7123
11220
3030
7126
11223
3033
7133
11229
3041
11234
7140
11236
3046
7147
11247
3056
11248
7155
11256
3067
11259
3071
3076
7172
3077
7174
7177
11274
11275
11276
11277
7182
7183
7186
11282
7188
11285
7190
3097
3098
7194
7195
11293
7199
3104
3106
3111
11304
11306
7211
11307
7215
3120
3122
7220
3125
7221
7224
7230
3139
7238
3144
11344
3153
3154
3155
11349
11350
7256
3162
7261
3166
3169
11362
3171
7269
11370
7281
7282
7284
7289
11386
7300
11396
11397
7302
11399
3208
7305
7306
3212
7314
3220
7320
3225
11419
3228
3229
3231
3237
11438
3249
7345
3251
3252
7350
7352
11450
7356
3261
7357
7362
7365
11463
3273
3274
3275
7371
11467
7373
7374
11476
11478
3287
3288
3295
3297
3299
3304
3305
3307
7405
3310
7409
11506
7412
3317
11509
3320
11512
11515
3327
3329
7428
7431
11528
11530
7439
7444
7445
11542
3351
7449
11545
11546
3355
3362
11554
7466
7467
11563
11564
7475
11571
7477
7480
7482
7486
7487
7489
11587
11590
3400
7497
3403
3406
7502
11598
11600
3411
11607
3422
3426
3430
3432
3433
3435
3442
7545
7546
7552
7553
3459
3461
11653
3467
3468
3471
3478
7574
11672
3481
3482
7588
3496
11688
3498
11690
7595
11691
11700
3510
7609
7610
11706
11707
7612
7613
11709
11715
11716
7621
3526
3527
7625
7631
3537
7633
3538
11730
3540
3542
7638
7639
11735
3548
11740
11742
3555
3556
7653
11749
7655
11755
7660
3566
7662
3570
7668
3578
7680
11776
7681
3586
7683
3589
3590
3593
7693
3598
11792
7699
7703
3608
7704
11801
7707
7709
3617
11809
3620
3621
11814
11816
3625
7721
7722
3630
3640
3643
7742
11841
11847
11848
3660
3676
7778
11875
11877
11881
7789
7794
11890
11891
3701
7798
3703
3707
3709
3712
11904
3713
3715
7813
3720
3722
3724
3730
3731
11923
3733
3735
7833
11929
11931
11933
11935
3752
7848
11945
11948
11956
3766
3768
11960
7867
7868
11966
3776
7875
3781
7877
11974
7880
3787
7885
7887
11983
3792
3793
3794
11994
3806
7903
3810
12010
7916
3823
12016
3829
3834
7933
3841
3842
7939
12040
7948
12044
3854
7953
3861
7960
7963
7970
7973
7974
12070
3884
3885
12079
3891
12083
12085
12088
7993
7994
3901
12095
3907
12100
8005
12104
3916
8013
8017
3922
12114
3923
12115
12116
8023
3929
3932
3934
8030
12128
8034
3939
12133
3942
12135
3950
8046
12142
12147
3958
3960
12153
12154
8060
8061
3968
8065
8068
12166
12170
3983
12176
8081
12178
8085
8090
3996
8095
12194
12197
4008
8104
4010
8111
8115
12218
12219
4029
8126
8127
4038
8136
4042
8142
12239
4050
8147
12246
4059
8157
12256
12257
8163
4069
4070
12262
8167
12265
8175
4080
8178
4084
12278
8183
12281
8191
12
2
98
68
101
392
314
11
76
140
189
350
398
