506
0
1
9
10
11
12
17
20
23
25
27
28
29
30
31
36
37
39
41
43
44
45
46
50
51
52
54
56
57
60
65
66
69
70
71
78
79
82
83
84
86
90
91
95
99
101
104
105
107
109
110
111
112
118
120
124
126
129
130
132
133
134
135
136
137
140
143
147
148
150
152
153
154
155
157
159
160
162
164
168
171
172
174
176
177
178
180
182
188
189
192
193
196
198
199
201
204
205
206
208
220
221
222
223
226
227
230
231
232
234
237
238
241
242
244
245
251
252
255
256
259
260
261
262
264
265
266
267
269
272
273
280
282
283
284
287
288
289
290
291
292
294
296
299
301
302
305
308
309
312
313
314
315
322
323
326
329
330
334
335
339
340
341
342
343
344
345
346
347
348
349
352
355
356
358
359
360
363
364
366
368
369
371
373
375
378
380
384
385
387
388
389
391
393
397
398
400
402
404
405
406
412
413
417
419
423
424
429
431
434
435
436
438
442
443
444
445
449
450
451
452
454
457
458
460
461
462
463
464
466
467
468
470
472
474
476
483
484
487
488
491
495
499
500
504
508
509
510
513
515
517
518
519
520
522
524
527
529
531
534
535
538
540
542
547
548
553
559
560
562
563
569
571
572
573
576
577
582
583
585
586
588
589
592
594
596
598
601
603
605
606
611
618
619
620
625
626
627
629
630
631
632
633
634
636
637
638
639
640
641
642
643
644
647
648
650
651
653
655
656
658
660
663
666
670
671
672
674
675
678
680
681
682
683
684
685
687
688
692
695
696
698
700
701
703
708
709
710
711
713
716
717
722
723
725
728
729
730
731
732
734
738
741
742
743
744
745
746
747
749
750
754
755
759
760
762
763
764
765
766
767
768
769
771
772
773
774
776
780
781
782
785
788
789
790
793
794
795
798
801
802
803
807
808
809
811
812
813
817
818
820
824
825
826
828
833
834
841
842
846
847
849
850
851
852
853
854
860
861
862
863
864
865
867
869
877
878
879
881
882
883
885
886
887
890
891
892
893
894
896
897
906
908
910
912
915
916
921
924
927
929
930
934
935
937
939
941
943
946
947
952
956
958
961
962
964
965
968
969
970
971
974
976
979
983
985
988
989
990
991
992
995
996
998
999
1002
1005
1007
1008
1009
1012
1014
1017
1019
1020
1023
132
1
257
259
4
6
262
263
8
265
10
266
13
14
16
20
21
277
25
282
285
287
288
34
290
293
294
296
41
297
42
44
45
301
46
47
303
304
50
306
51
52
308
53
54
55
312
58
314
316
317
318
319
320
66
322
323
68
69
326
71
72
75
331
82
338
84
85
351
352
99
100
101
103
360
363
109
365
112
113
114
370
115
372
117
123
124
127
128
133
135
138
139
141
142
146
148
157
160
164
167
169
170
175
182
186
188
190
191
192
193
196
200
201
202
205
207
209
212
214
216
217
218
223
227
236
238
239
240
248
251
254
255
