493
5
2054
1033
14
15
16
1040
19
21
1045
23
2071
1050
1052
2081
35
2083
2086
44
45
2093
1071
2095
50
52
55
1079
2103
1080
60
62
63
65
2114
1092
2116
69
71
73
75
76
2125
1102
2126
1103
80
2131
84
88
92
94
95
1122
2146
99
101
2149
103
2151
2152
2154
107
2155
108
1133
1135
112
1136
2160
2165
1142
2168
2170
2172
126
1152
2176
2178
1155
133
1159
2185
2188
1165
2190
143
1169
2193
1170
147
1171
1173
2198
2204
157
158
1182
2207
1184
1188
1189
167
2215
172
2221
175
2223
2224
1204
184
1209
2233
2237
2238
191
1215
2239
194
1220
2247
1231
1234
1235
2259
212
1237
2263
1240
2265
2266
1243
1246
1247
224
1248
2283
1260
237
239
1266
243
2292
2297
1274
2302
2304
1282
265
267
2317
2319
1297
2321
1298
1303
1304
2328
281
1305
1306
2334
1311
1314
2338
291
293
297
298
1322
1325
2349
305
2354
307
311
2360
313
2363
316
318
1342
321
2369
1346
326
334
1358
335
1359
2383
1365
1367
2391
344
2392
1369
1370
1371
1372
2396
2401
1379
357
1382
359
1385
362
1387
364
2413
368
2416
2418
372
373
375
1399
2423
2424
2425
2426
1403
381
1405
1406
1407
2433
1411
388
1412
2436
389
2437
1416
1418
2444
1421
1422
2446
400
401
405
2453
406
409
2457
410
2460
413
2462
417
2465
2470
424
1448
2472
425
2474
432
433
435
437
1461
2485
2488
2489
445
1471
1472
455
1479
1480
1481
458
465
2517
2518
1497
2524
477
1501
480
484
2533
1510
487
1513
1514
1515
497
2545
2549
503
1529
506
508
510
2559
1537
2563
516
1541
1542
1544
2569
2570
1547
2571
1549
2576
529
2578
531
2580
2582
2583
536
1560
1561
1562
1563
2588
542
1566
544
2593
547
548
1574
558
559
2610
2611
1588
1593
1594
2621
576
2626
2634
1611
2636
2639
1617
2642
595
607
1631
610
2658
612
1639
2664
1641
1645
2669
622
2673
1655
633
1660
637
640
642
1667
1674
1676
653
1677
663
1687
664
1688
1699
677
684
1708
685
686
1712
689
1717
696
1727
705
708
1733
710
711
1735
1736
713
1738
720
724
725
1751
1752
729
732
1760
1761
738
739
1768
1770
1777
1778
760
1785
763
1788
768
1794
776
785
787
791
1817
1818
1819
1822
1824
1828
1840
818
823
1850
827
829
1856
1859
1863
841
843
1867
856
859
1885
864
866
868
1892
871
875
884
1915
896
1923
1925
1926
1928
905
1935
912
1939
917
1941
921
922
1950
1952
930
934
1959
946
1971
949
1973
950
952
956
962
964
1994
1996
1997
978
2008
988
2015
992
999
1002
2026
1006
1007
2031
2038
1015
2039
1020
2045
5
33
21
55
13
78
