1234
0
4100
2057
6153
6154
11
4110
8206
2063
8207
2064
6160
8210
24
2074
2075
6172
2078
31
2079
32
4128
8224
33
6177
34
8227
6180
8228
2085
4134
2087
40
2088
2093
4143
6193
2101
55
2104
6200
2108
6204
4157
8254
6209
8258
2115
4165
8261
71
8264
2121
6217
6218
4172
2125
6222
8272
4179
6227
8275
2132
6232
2137
91
4188
4189
8285
8288
2145
4194
6245
8294
2151
8297
110
2159
8305
115
4213
6262
2167
4215
120
2168
6277
4230
4232
6286
143
4243
148
149
4245
6293
150
158
4254
4255
2208
162
4258
2215
6313
2219
6316
6317
176
2224
4272
177
2225
182
2230
185
6330
192
4288
194
6348
4301
2255
6351
2258
2260
6358
2263
2264
6363
220
2268
221
6365
225
2277
4326
2282
6378
2285
2288
241
4337
242
6386
4341
6390
2295
2296
249
2298
2299
4348
254
6400
258
2307
261
6406
2311
265
6411
2316
6412
269
275
2323
4373
283
4379
2332
285
288
290
6436
6440
297
2347
6443
303
2351
6449
308
309
2357
6455
312
6458
2363
6460
4415
6464
2370
4419
326
2374
2375
330
6475
332
4428
2383
6481
6482
4436
2390
2392
4440
6490
2395
2397
2399
6495
6497
4452
2406
360
361
4458
364
2413
368
2417
2419
2422
2423
6520
4473
6522
2429
383
4479
4481
4482
2438
4486
4489
6538
2443
396
2444
6540
4495
4498
6546
2456
4504
413
4509
415
4511
2464
4515
2468
4516
4517
4519
425
427
4523
6572
429
2480
4528
2483
436
6580
2485
6581
4535
440
6584
2491
445
6593
4546
4551
2505
4553
2506
4555
4561
467
2521
4569
2524
4572
479
4575
480
4576
483
6627
484
4581
6629
486
4585
6633
6635
2540
493
4591
496
2544
497
4601
4608
514
4611
6659
516
2566
4614
519
6669
2576
6672
4625
6679
2585
2588
4637
6686
6690
548
549
551
4647
554
555
2603
4651
6700
6701
2607
2611
2613
2615
2617
4665
2618
2620
4668
577
2625
6726
4680
586
4682
587
588
4686
4688
593
2641
4689
6737
6742
600
603
605
6750
607
2655
6752
4705
6755
2670
623
2674
6771
4724
631
2679
632
2680
633
634
635
4731
639
6783
6784
2690
6788
645
4741
6790
4744
4745
2700
4750
6799
659
4755
660
6804
661
4759
4761
4762
667
2716
4764
4766
4767
2721
6818
4772
6821
4777
682
4778
683
6830
688
6832
4791
4794
6842
699
4795
701
6846
704
6848
2755
6851
4804
4805
4808
716
718
4816
6865
4819
726
6870
6871
4824
6872
730
2781
2783
739
6883
4836
4838
2791
744
2792
2793
747
748
4844
2799
6895
752
4852
6901
761
6907
764
6909
2816
6913
771
2819
773
6919
776
777
784
2832
6928
6929
4882
6931
788
4885
6934
4892
2845
6941
798
4894
6942
6945
2850
2857
6953
812
2860
2861
6959
6962
4918
6967
827
6976
833
2881
2884
839
2887
6984
846
2896
2898
4946
4947
852
854
4950
2903
4957
7005
2910
2912
7009
4962
4964
7014
2919
2921
4969
2922
4976
881
4977
7025
7026
4983
4985
893
2941
4993
4994
899
4997
904
2952
7048
7051
908
5004
909
912
2960
914
7058
5011
916
7060
917
7061
7063
2968
7067
924
2976
936
2993
2995
2996
7093
5046
953
5049
954
3002
7102
7104
5059
964
7109
5063
970
3018
5066
971
972
3021
7119
3025
5076
7125
988
989
7134
992
993
5093
5097
5103
5105
3058
7156
5110
3063
1017
3065
1018
3071
1026
1029
3077
7173
7175
1033
3081
1034
7181
7184
1041
7186
5140
1045
5141
7190
3095
1051
5150
1055
1056
3107
5156
7204
5160
7208
3113
7210
7212
1069
7213
5167
3121
1074
7218
7222
1079
5177
5180
3133
5191
1097
1102
3152
5201
5204
3160
5208
5211
7259
7260
1117
7262
5217
3171
5219
7268
5222
7270
1129
3179
1132
1133
3182
5231
7284
5238
7290
7291
5245
3199
1153
7298
7299
3204
1161
5261
3215
5264
5265
1170
1172
7318
1175
7319
1176
5275
7323
3228
5276
7329
5284
7332
7336
7338
1195
3243
1199
3247
7344
7351
3256
3259
1214
3263
1217
3265
1221
5320
7368
3273
5323
5325
5327
5330
7378
1236
3285
3286
5334
7382
7384
1241
1242
7386
1244
1245
7389
3294
1250
5347
5348
7397
5356
7404
1261
3309
7406
7407
7409
3314
1269
5365
3319
1272
3324
1278
7422
1284
3332
7429
7430
1291
5392
3345
7442
1299
1303
5399
5400
5401
3355
5404
5405
7453
1311
5407
1312
5409
3363
7460
5413
5414
7463
1321
5419
5420
1327
7473
7475
5430
3385
1342
5439
7487
7489
3394
7490
5448
1355
1359
1360
5457
7508
5461
5462
7510
5466
5467
3420
7522
3427
3431
1387
1389
7538
5491
1396
7540
3447
3452
5503
7552
5506
1411
1414
3462
3464
1417
5513
5516
7564
5519
7567
3472
3474
7572
7576
7577
7581
1443
7587
3497
5545
7593
3501
1455
7599
3504
5553
3506
7602
7605
1462
5558
7608
5561
7609
1468
7612
1470
3518
3519
5568
1473
7618
7621
1478
3526
5575
5576
5577
1483
3531
7630
1488
5585
7634
3539
5589
1496
7643
7644
1502
1503
3554
1510
1511
3560
5609
3562
3563
7659
5612
1519
5615
7663
7665
7668
7670
7672
3577
7673
1533
7677
5630
1535
5631
1536
3588
3591
1544
1545
7689
1547
1550
1552
3602
7699
7700
3606
7704
5659
5669
7719
1576
1579
7723
3628
7729
1586
5689
7739
3644
5692
7741
3647
1600
5697
7746
1608
1609
7753
3659
5708
1613
1615
3663
5712
3665
5713
3666
1619
7775
1633
3689
7786
1646
1651
3699
5747
1652
5749
7798
1655
3704
5752
5753
7805
7806
5760
5761
3716
7812
3717
7814
3719
1672
5768
5769
3722
5774
1679
3727
5775
1680
3728
1681
1682
3731
1684
1688
3738
5786
5787
1693
5789
7838
1695
3743
1697
5794
7844
7847
3756
1709
5805
5812
5813
3767
3771
5819
1724
1728
5826
3781
3782
1736
1738
3786
5834
5835
7883
3788
1743
1746
1747
5846
3799
1755
7901
5856
3811
5860
1765
3813
7911
1769
7913
5867
7916
1777
3825
1778
3826
7922
7925
3835
5883
7931
3836
3837
7933
1791
7935
7941
3847
1800
7944
3849
7946
1803
5903
7952
1809
7953
3858
5906
3860
1813
3863
7959
3864
7960
1818
1820
5916
3870
5918
5922
3877
7973
1831
5928
7976
3881
3882
1835
3883
1836
5934
3887
5935
3889
1842
3890
1844
1845
5941
3899
7996
3901
1858
8002
5956
1861
1862
3910
3911
1864
5961
1866
3914
8011
8012
3917
1870
1871
3923
5972
8020
3925
1878
5977
5978
3931
3933
8029
1887
8031
1888
8035
3944
3945
8041
8042
8043
8048
3956
3957
3958
8056
8057
3963
8059
6012
6014
1919
6018
3973
3976
6028
8076
1934
3984
1940
3989
6038
3991
1944
1947
8092
3999
1959
6057
4010
8108
1965
8109
6062
8110
8112
1970
4020
1973
4022
6070
8118
8120
6076
4029
6078
6081
1988
4038
6087
1993
6089
1994
8139
1997
8141
6094
6095
4049
2003
6100
4053
6104
8152
2009
2010
4059
6107
8157
2014
4062
4063
6111
4064
6112
4065
6113
8162
4068
8164
6119
2024
4072
8168
6121
6123
8173
2031
4079
2032
2033
4081
8177
4082
8179
2039
8183
8184
8185
6140
2046
6142
4095
4
115
22
41
155
