611
0
3
4
5
8
1032
1033
10
11
12
1036
1037
14
1040
17
1042
1043
20
22
1046
1049
1050
28
29
1053
1060
38
1062
39
1065
43
1067
44
1068
46
1070
1071
1072
1073
1074
1076
1077
1079
56
1080
57
59
62
1089
1090
67
1091
68
1092
69
72
73
1098
1101
1102
79
1103
80
1104
1109
1110
1111
88
1112
1113
91
93
94
95
96
1121
100
102
104
105
1131
108
111
1135
1137
115
1139
117
1141
119
120
1145
125
1149
127
1152
1153
130
132
134
1160
138
1162
140
141
1167
1168
1172
149
150
1174
154
1178
155
1180
1181
158
159
1183
1184
161
1186
1188
1189
167
170
171
1195
172
1196
173
176
177
1201
178
1203
180
1204
181
185
1211
188
1212
191
192
1216
1217
195
1219
1223
1224
1225
1226
203
1227
205
1229
1230
207
1233
1237
1238
215
1239
216
218
1242
220
221
225
227
1251
228
1255
233
1257
234
1259
236
1260
1262
1264
241
243
1267
244
245
1269
248
249
1273
250
251
1275
253
254
256
1280
259
1283
260
1284
265
267
1291
270
273
1297
275
277
1305
282
1306
283
284
285
1310
287
1312
290
1314
291
1315
292
1316
1317
1318
295
296
1322
1323
1325
1326
1327
304
305
1329
309
310
1335
1337
1338
1340
1342
320
1344
321
1346
324
1349
326
328
329
332
336
1360
337
1361
1362
339
341
342
1366
345
1370
347
1371
348
349
351
354
1378
356
1380
1381
359
1383
367
369
370
372
1396
376
1401
378
379
380
382
1406
1407
1410
387
1412
1413
390
1415
392
394
1420
1423
400
1424
401
402
1426
403
1427
405
1430
407
408
410
412
1436
1437
1438
1439
416
1442
419
1443
1444
1445
1446
1451
1453
430
1454
431
432
433
1457
1458
1459
1460
437
1461
438
439
1463
440
1465
1466
443
1468
1469
1471
1472
450
1474
1478
455
1479
456
1480
460
463
1487
466
1491
1495
472
1496
1497
474
1498
475
477
1502
1506
483
484
1509
486
487
1512
1513
1514
1516
494
496
1520
1521
498
1523
1524
1525
1526
503
504
505
506
507
1531
508
1532
1535
512
1536
1537
517
1541
520
1545
523
1547
1548
527
1554
535
537
539
1564
1565
542
1567
547
548
1573
550
551
1576
1579
1581
1586
564
565
566
1590
1591
568
570
572
1597
575
1599
578
582
584
588
590
592
593
594
598
602
604
606
609
612
615
621
622
625
638
639
641
645
647
652
654
659
661
664
665
666
668
670
673
674
675
676
679
680
681
682
684
691
694
697
698
700
703
705
708
709
713
715
718
721
723
724
725
726
729
733
737
745
746
747
753
754
757
758
763
764
770
776
777
780
782
785
787
788
790
791
792
796
798
803
807
809
810
812
818
819
820
824
825
826
834
835
838
842
843
844
847
848
849
851
852
865
866
869
873
875
876
878
879
880
885
886
888
891
895
897
898
901
902
903
904
907
908
909
910
913
914
915
916
917
919
922
923
925
927
937
938
939
940
946
952
953
954
957
960
961
962
965
968
970
972
973
974
977
980
981
982
983
984
988
989
993
994
997
1001
1002
1004
1009
1011
1017
1020
107
0
256
1
257
2
3
4
7
8
9
266
16
273
276
21
283
28
31
288
289
36
39
296
297
42
300
46
305
52
308
53
309
311
56
313
62
63
64
322
324
71
327
72
73
77
334
79
337
339
341
343
88
350
95
354
99
100
356
102
358
103
105
363
364
109
365
110
112
113
369
114
376
129
132
138
144
146
148
150
153
154
161
162
167
174
176
182
187
190
191
192
193
197
199
202
206
211
212
213
219
224
228
234
237
240
242
243
