1792
8192
1
8193
4099
11
4108
8204
15
4111
8210
12307
8213
12309
8217
34
4130
4131
4132
4133
4134
12326
12330
4139
12331
8237
47
48
53
12343
60
12348
61
8257
4164
75
4173
8269
4174
4175
12368
81
12369
4178
88
4184
8280
12376
12377
8283
12379
4188
8284
95
12386
4195
4196
8292
102
106
4203
8302
4212
117
119
123
8315
125
8320
8322
8323
4231
136
4235
4238
143
4240
4241
4242
4243
149
4245
8341
154
8347
157
8350
4263
4269
8373
4283
4289
8385
196
8390
8391
4296
4297
8395
4302
210
8411
8422
8423
232
4328
4331
241
8439
8440
249
251
8448
257
8449
8452
4358
8459
4364
8460
4365
4366
4369
274
4375
8471
281
8473
4384
4386
8485
294
8489
298
4396
4401
4405
310
4406
4410
8507
4416
321
8514
4419
330
4427
333
4429
334
335
8527
4432
8528
4445
4463
8560
4465
8564
373
8567
378
379
383
385
8577
387
4483
388
8581
8585
8586
397
4494
8590
8591
8592
8593
8595
405
8598
8599
8601
410
415
4513
419
8613
422
4522
428
429
430
4528
434
8627
8630
8633
447
4543
4545
4546
459
464
4566
8662
8664
4571
476
4572
479
4575
480
8673
4581
489
4586
492
497
8692
8695
4600
4602
8700
4616
8714
523
8715
524
8719
4625
8722
8724
533
8730
540
542
8734
4640
8744
8745
4651
4652
4653
562
8755
4661
571
8767
576
8768
4673
579
4675
580
586
4687
597
4694
4698
4699
4702
609
8805
616
621
624
4722
8819
633
4729
4731
4732
8832
8837
649
8842
651
4750
8847
656
4753
8849
4756
8854
671
8863
674
4775
4782
687
692
694
8887
697
698
4795
8892
708
4807
8905
4818
8915
4820
4821
8918
4824
8921
8930
8935
4845
752
8948
8952
4857
4858
8956
4861
4862
770
4866
4867
772
774
8967
778
782
784
8976
787
4883
788
8980
8982
791
793
4889
8987
4893
803
8995
804
813
4909
4913
9012
4917
9017
832
9025
835
9028
9029
838
9030
9031
4937
4939
9035
9036
9037
846
9041
9045
854
9047
856
857
859
4957
862
9057
866
4962
9064
878
879
9072
9075
9079
888
4988
897
900
9092
9094
9095
9096
5002
9098
907
908
5005
5010
9119
928
9122
931
5027
5028
934
935
5033
9129
938
5043
9139
5044
5049
5051
956
5053
5054
961
962
963
965
968
972
973
975
5072
977
978
9171
5080
985
5081
9178
9179
5089
9189
9190
1002
5099
9195
5103
9200
9203
5108
5112
1018
9210
1020
1022
5123
9219
1028
5128
9225
5131
9228
1037
1045
5141
1049
1058
1062
1063
5159
9255
1065
9262
1073
5172
9268
1080
1081
5178
1083
5179
5185
1092
5188
5189
1096
9289
1098
1100
9294
1103
9295
9296
5201
5203
1109
1110
5213
1118
9310
1121
9319
5229
5231
9327
1137
9330
9334
5239
5240
9337
1153
1155
5255
1160
5259
5265
5266
1171
9364
9366
5274
9370
9373
1186
9391
5296
5297
9398
1207
9399
1209
5305
5307
1213
5309
5310
1217
5313
5314
9410
9412
5322
1227
5328
9428
1239
5335
5336
5337
9433
1248
1249
5346
1253
5350
1257
9449
5355
5358
9454
5362
5365
9466
1275
1277
9470
5376
5380
5381
1286
5389
5390
9490
1299
9497
1307
9499
5404
1311
9505
5410
5413
5416
1324
9516
5423
5428
1334
9526
1335
9528
5433
1338
5434
5441
1348
5444
9542
5447
1353
5452
9550
9552
5457
5458
9555
9556
9557
9559
9563
5468
9564
1375
5471
5474
1384
1388
9580
1390
1394
9587
5492
9593
1403
1405
5502
1407
5504
1410
5509
9605
1414
9608
5514
9610
9611
1421
1425
9618
5526
1432
5529
9625
5531
9628
1443
9636
1445
1448
9646
5551
1457
5554
5560
9661
1470
9662
5568
1473
1474
5570
5576
9672
9674
5583
5584
1497
5595
9691
9693
1502
1508
5609
1520
5616
1524
5623
5625
1536
9729
1539
5637
9740
9749
1559
9753
5660
9758
9760
5668
1573
1579
5679
1584
9777
5685
1595
5691
1596
9789
9792
5698
5699
1606
9807
9808
1617
9809
1618
1620
9817
9818
5724
9821
5733
5735
5738
9836
1646
9843
5748
1654
1658
5754
1659
9852
5759
5763
9865
5770
9868
5773
1678
1681
9873
9875
1689
9881
5786
5788
1698
5795
1701
1702
1703
5800
1705
9906
1715
9910
5815
1720
9912
1722
1725
5821
5822
9919
1730
9922
1733
1735
9927
9930
5837
1743
9935
5843
5845
9942
9945
5852
5859
5860
5862
9958
1774
9966
1775
5871
9968
5879
1786
5883
5885
1796
1801
9996
5912
1818
10010
5915
1820
10012
10016
5921
5923
5924
10021
10023
10026
5931
5935
10034
1844
10046
1856
5952
5957
1862
5961
10058
5963
10059
5964
5966
1873
1876
5977
10074
10076
1886
1888
1889
5985
10081
5987
10083
5988
1896
1900
1901
1906
10101
6007
10103
6009
10106
1916
6013
1924
10118
10119
1929
10121
6026
1931
10126
6031
10130
6041
10137
6043
10142
6047
6049
6050
1957
10152
1965
10157
1966
6064
10162
6067
1976
6073
10171
1981
6080
10178
1990
6086
1993
10189
6097
6102
2007
10200
6106
6107
2012
2016
2018
6116
2021
10213
6121
2029
6127
2034
10231
6137
2045
2047
10245
10247
10248
10250
2060
10255
6164
2072
6172
10272
6177
2084
6185
2094
6192
6194
2100
2103
6200
10297
6203
2111
2113
6212
10310
10311
6218
2131
2133
10328
2142
2143
6239
6241
6242
10340
6245
10343
10344
6249
6250
2158
2160
2162
6258
2163
10357
6262
10359
6264
2171
2173
10366
10368
2177
6283
10379
10384
2194
2196
6293
2203
2206
6311
10411
2220
6317
10427
2241
10433
10434
10435
6343
6344
2249
2252
6349
6350
6351
10449
10450
2259
2261
6360
10458
6370
2275
2276
6372
2279
6376
6377
6379
10475
2292
10487
2296
6392
6393
2299
6398
6405
10503
10505
2315
10507
2319
6415
2320
2324
6420
6421
10517
10519
2331
6427
10524
2333
2335
6431
6432
10532
2342
10534
2344
10538
6444
2349
6445
10549
10550
2359
10553
10554
2363
10555
2365
10557
2366
2369
2373
6469
2375
10567
10568
10569
2381
10574
6479
6482
6483
6486
6488
6489
6493
2401
6497
2407
2410
6506
10602
10606
10608
2427
2428
6525
10626
2439
2441
2442
6538
2447
2452
6550
10646
10648
2459
2460
2461
10653
6558
2463
10658
2468
2469
10661
10667
6577
2482
6578
10674
2484
6586
6587
10683
6589
10686
6592
2501
6597
2502
6602
2509
10701
6612
2518
2522
6619
6623
6624
2531
6627
2532
10725
6630
10726
2535
6631
10727
10734
2543
10736
10740
6646
2551
10743
2552
2553
10745
10747
2556
2559
10751
2560
2562
10754
6659
6669
2577
6674
6676
6679
10775
2590
10782
6688
10784
6689
10789
2599
10793
2603
10798
6703
6704
2609
10802
6717
10813
10817
6722
2630
6731
2637
6733
2640
6736
10837
10844
10845
6750
10850
2662
6760
2665
6763
2670
6766
6770
2676
6772
6773
2678
2687
10882
10885
6793
6795
6798
2708
6805
10901
6808
2715
6813
2718
6814
6815
6816
2721
2722
6821
2729
10923
2733
6831
2737
2739
6837
2742
10934
2756
10948
10949
2758
6855
10952
6857
10953
10954
10955
10957
6864
6867
2772
2773
10967
10968
10970
10971
2784
10978
2787
6884
10980
2789
6887
10983
2792
10987
10989
2798
6894
2801
6898
6902
11004
11006
2816
6915
6917
6918
6921
2826
11018
6923
11019
2828
6925
11021
2831
2834
6932
6936
2841
6939
11035
6940
2845
6941
6945
11041
11044
11046
6952
2858
11051
11052
2863
6962
11062
6968
11068
11071
2880
11073
2882
11076
6981
2886
11078
6984
2889
11083
6989
2894
6991
6992
6994
11090
2900
6997
2902
11094
11097
2908
7007
11104
11106
7012
2918
2925
7022
2930
11124
2935
2936
7033
2938
2942
11134
11136
2947
7043
2948
7045
11143
7048
7050
2955
7053
7054
7060
2967
7067
11164
11166
7074
2984
2987
7088
2993
2997
2999
11192
3007
7103
3008
7107
11203
11204
11205
11207
11211
7117
3023
7123
11219
11220
3030
7126
11223
7133
11229
3039
3041
7140
11236
3046
7144
7146
7147
3052
11244
3054
3056
11248
7155
11256
3067
11259
3071
3076
3077
7174
11274
11275
11276
11277
7182
7183
11282
7188
7190
3097
7194
11293
3103
7199
3106
7206
11304
7209
7211
11307
3119
3120
3122
3125
7221
7224
3132
7230
3139
7238
3144
11344
3153
3154
3155
11350
7256
3162
7261
3166
3171
7269
7270
11371
11372
7279
7281
3186
7282
11386
11397
7302
3208
11400
7305
7306
3220
7320
3225
11419
3231
3237
7336
3241
3242
11438
3249
7345
11442
3251
3252
7350
7352
3257
7356
3261
7357
3262
3263
7362
7365
3273
3274
3275
7371
11467
7373
7374
11476
11478
3287
3288
11486
3295
7391
3297
7398
3304
3305
3307
7405
3310
7409
11506
3315
7412
3320
11512
3323
11515
3326
3327
3329
3332
7428
7431
11530
7439
7444
7445
11542
3351
7449
11545
11546
3362
11554
7466
7467
11563
11564
7475
11571
7477
11573
7480
11576
11577
7482
7486
11582
7489
11585
11587
3400
7497
3403
3406
7502
11598
11600
3411
11607
3422
3426
3430
7526
7527
3432
3433
3435
3437
3442
3448
7545
7546
7552
7553
3459
3461
7557
11653
3465
11657
3467
3468
7565
3471
3478
7574
11672
3482
7588
3496
3498
11690
7595
11691
11693
11700
3510
3512
7609
7610
11707
7612
7613
7614
7617
11716
7621
3526
3527
7625
7631
7632
3537
7633
11729
3538
7634
11731
3540
11733
3542
7638
7639
11735
3548
11740
3555
7652
11749
7655
7660
3566
7662
11760
3570
7668
3578
7680
11776
7681
11777
7683
3589
7685
3590
3592
7691
11792
7699
7702
7703
3608
11801
7707
3617
11809
3620
11814
7719
11816
7722
11819
3630
3640
3643
7742
11841
11847
11848
3660
11871
11875
11877
11881
11884
7789
7794
11890
3701
7798
3707
3709
3713
3715
3720
3722
3724
3730
3731
3735
7833
11929
11931
3752
7848
3753
3754
11946
11948
11956
3766
3768
11960
7867
7868
3773
11966
3776
3781
7877
11974
7880
3787
7885
3790
7887
3793
3794
11994
3810
7916
12016
7928
7932
7933
3842
7939
12037
12040
7948
12044
3854
7953
7960
7963
7970
7973
3884
3885
12079
3891
12083
12085
12088
7993
7994
3901
12100
8005
12101
12104
8013
3919
3922
8018
12114
3923
12115
12116
3926
3929
3932
3934
8030
12127
12128
8034
3939
3942
12135
12138
3950
12142
12147
3958
3960
12153
12154
3963
8060
8065
8067
8068
12170
12176
8081
12178
8085
3992
8090
8095
12192
12197
4008
8104
12200
4010
8111
8115
12213
12218
12219
4029
12221
4040
8136
4043
8142
12239
4050
8147
12246
8153
12256
12257
8163
4069
4070
12262
8167
12265
4078
8175
4080
4084
12278
8183
8190
11
384
2
98
69
101
314
11
76
140
398
367
