1360
2048
2
4100
6
4102
4105
6153
10
2061
8206
4111
8210
4117
22
2070
24
4120
25
27
2075
8221
2079
6175
6176
4130
8227
4133
6181
39
40
8234
4139
2092
2093
6189
46
2094
2096
4144
8240
49
4145
8241
53
6197
8245
6198
56
4154
6202
8250
2107
4156
6206
64
66
4162
8258
67
4164
4165
71
4167
6215
6216
8267
6222
4176
4178
4180
6230
4183
89
2137
90
4188
8284
93
6238
8287
96
2146
8290
2147
8292
2149
4197
102
6247
6251
108
2156
4206
2161
4211
8307
8308
2167
2168
2170
4218
8314
8316
4221
6269
6270
6271
130
2178
6276
4230
137
8330
2187
8331
6285
8335
2192
4240
8340
2197
4251
6299
8347
6301
8349
158
4258
8355
2214
4262
167
6312
6314
8362
6318
175
4271
6319
176
6320
6321
6323
8371
8373
2230
8374
185
4281
6329
2235
190
2238
2239
6338
196
6340
198
199
200
4296
2249
204
6348
2254
2257
210
2260
4312
219
2267
6365
222
2270
4321
2278
232
2281
6381
2288
242
243
4341
246
6390
248
2298
6394
6395
252
2300
2301
254
2302
4352
4353
261
2309
263
6407
2314
6411
268
2316
269
2319
4367
2320
2324
6422
281
2329
282
6428
4384
4385
292
6438
2345
298
299
2347
6444
2351
305
6449
2357
4407
2360
6456
315
322
2372
2375
6473
6475
333
4430
2383
4431
6479
4432
6480
338
2386
2387
4435
4442
6499
356
2404
6500
357
6501
360
4456
6507
365
2413
6518
2424
6521
2427
6523
4477
6526
383
2433
4485
6534
6536
394
4492
6541
4495
2449
6548
2453
6549
406
2455
4504
411
6556
2461
2464
6561
420
422
2470
424
427
2478
431
4529
434
4530
6578
2484
4532
6580
2486
4534
2487
4536
443
4546
4548
454
6603
4557
2510
4559
2512
4560
468
4564
6612
6614
4567
6616
2521
475
479
6623
6624
2529
4579
6627
487
2535
492
4588
6636
2546
2547
2549
503
6647
504
2553
6651
508
2556
6655
512
6657
514
2563
4613
2566
519
6663
6665
522
2570
2573
4622
2576
6673
4626
6674
531
6675
532
4628
533
2582
4630
6678
6679
6680
2587
6684
541
4637
6686
543
6687
4640
6689
6691
2597
4645
550
552
4649
554
2602
555
556
6700
6702
2608
6709
6711
2618
4666
6715
573
4669
4675
580
4676
6725
2630
584
2634
6730
4685
6734
591
4688
6736
4689
2642
595
2644
4693
2647
2648
2649
6753
2659
4708
2662
2663
616
4713
619
2672
625
4724
629
4725
2678
6775
2680
6776
635
2683
6780
6782
641
644
6788
645
2693
6790
647
6792
6798
655
2703
4752
2705
4754
4755
661
4757
4759
6809
2714
6812
669
672
2720
2721
674
4770
2726
4776
6825
682
4778
2731
4783
691
4787
6836
2741
4789
2747
6843
6847
6848
705
2753
6849
4803
6852
4805
710
6854
712
2760
6856
714
2762
715
2763
722
723
724
4821
6870
4826
731
6875
732
4828
733
2783
737
4833
741
2789
6885
2790
744
745
6890
6891
4851
2804
2805
6902
6905
4859
6907
6909
767
6911
2816
6913
774
2822
775
776
778
779
6926
784
4882
4888
2841
795
4891
4893
6947
805
2853
4902
809
812
6957
6961
2866
6962
819
2867
2870
824
4920
6968
825
4922
2875
4924
829
4925
4930
835
2883
836
837
6986
844
4942
2895
4947
2901
855
4951
6999
2905
859
2907
4955
7004
862
2911
2913
866
2916
4966
4967
874
7019
876
2924
4972
883
2934
7030
4986
4987
893
4989
894
4990
895
7039
897
2946
7043
4997
2951
5001
2954
5003
5004
7052
7053
2959
912
2961
5010
915
5012
7060
2965
5017
2971
5022
7070
928
2976
7073
7074
2979
932
935
936
937
2985
938
939
2987
7083
942
5038
5041
2995
7091
955
5054
959
3007
7103
3010
963
5060
965
966
3016
970
7114
3019
5067
5068
7119
5074
7126
986
3034
988
7132
3038
7134
5087
7135
992
5088
5089
994
996
3045
999
3047
5096
5101
5102
1007
3055
1009
1010
7155
5113
5114
1019
3067
3068
7165
1022
3070
5118
5122
5123
7172
1031
3081
5129
1036
7181
7184
5138
5140
1046
3094
5143
5144
7194
1051
3099
7198
7201
3107
1060
1063
3111
7207
1064
7209
7212
5165
1070
7214
1074
1076
3126
5174
5175
7223
5177
3133
5186
1097
1100
1102
3150
5199
1104
3152
5200
1108
5204
7253
1110
7255
1112
7257
1114
5211
5212
7260
7261
1119
5215
5217
7265
1125
5221
3174
3175
3177
5226
5227
5229
7278
5231
1136
3184
5235
7284
3189
3191
5239
5241
3195
1149
7294
3200
7298
1155
7300
5257
7306
1164
7308
5261
5262
3216
5264
7313
1170
5268
1173
3221
1175
3224
5272
5276
3230
1183
5280
1186
5283
5284
7333
7335
1192
5293
5297
7346
7347
7348
3253
3254
3256
7353
7354
7356
1214
3262
5310
1216
7362
7364
1222
1224
1226
5323
1228
1229
7373
5327
3280
3281
7377
1234
5334
3287
3290
5343
7394
1252
3300
7396
7397
7400
5355
1260
7405
3311
7408
5364
7416
1273
7418
1275
5371
1276
5372
5374
5376
3329
3333
7429
7430
3335
7431
3337
5385
7433
3340
1297
7442
7443
7445
1308
3357
5405
7453
7455
1316
3366
3367
3369
5417
7468
1325
3373
3378
5426
1334
7478
3383
5431
1338
1345
7489
5445
7499
7500
5454
7502
5456
7506
3411
7507
7509
7510
7516
5469
7530
7532
7533
1391
3439
5492
7540
1397
3445
7542
1399
5495
5496
1403
7550
7552
7553
3458
7554
7555
3460
5508
3462
5514
3467
5516
3470
5519
5520
1426
5525
7574
1431
3479
3480
7576
5531
7579
1437
7581
3488
7584
5537
5538
7588
3497
3498
5546
1452
1458
3507
3509
1462
3512
7610
3519
1472
3521
7617
1474
5570
1476
7622
1479
7623
1481
5580
1485
7629
7630
1488
5587
1493
7639
1496
7643
1502
3553
3555
1508
5605
1510
3558
1511
3559
1515
5612
3566
3568
5616
5618
3572
1525
5622
1527
3575
5625
3578
7677
3582
1537
5633
5635
5638
3591
3593
5642
5643
7691
1550
3600
5648
1553
5650
5653
5655
3610
3612
5661
5662
7711
1569
1571
5668
1574
3623
1578
3629
3631
3637
1591
5689
7737
1594
5690
7740
3645
1598
3646
3651
1605
5704
1609
5705
5708
1613
7759
5714
3668
3669
1623
1625
3674
1629
5725
3678
3679
1632
7778
5731
5732
1638
5734
7785
3690
5739
3692
5740
7789
7790
1647
5744
5745
1652
5748
7796
7797
1657
1658
3707
7803
1661
7806
1666
1667
5763
3716
3717
5767
7815
5768
1679
1684
7828
1689
3741
3742
5790
7838
3743
3745
5793
1698
1699
1700
1701
1707
3755
5808
1713
1715
5812
1717
1719
3768
1722
1723
5823
7871
7873
3779
5831
1736
3784
5835
3788
5837
7886
3791
3794
5842
7890
3797
5845
5846
3800
7896
1753
3801
7898
1757
7901
5856
1761
7907
5861
7912
3817
1771
1775
1776
5873
3827
1780
1782
3832
1786
7931
3836
5884
5885
7936
7938
3844
5892
3848
3850
5898
7948
5901
3854
1807
3856
5905
7953
3858
3859
3861
7958
5911
1818
1819
3867
1820
3868
5918
3871
1824
7971
5926
7974
3879
1833
3881
5930
1835
7981
1839
7986
3891
3892
5941
3895
7991
1848
5945
7993
3898
7994
7995
1854
5955
3909
3910
5961
8009
1866
5967
1874
5970
1875
3923
5971
8021
5976
3929
5977
5978
5979
1884
8029
1886
8031
5985
5986
8035
3941
1894
1895
3943
1896
8042
3948
1901
3950
8047
6001
8052
1909
8054
6009
1914
1915
6012
1917
1920
6018
8066
3972
1925
6021
6024
1930
8076
6029
8077
8081
1938
6036
8084
6040
8090
6044
3997
8095
4002
6050
1957
6053
4006
6054
6055
1962
8107
1964
1966
6062
1969
1971
1972
4020
8116
4021
8119
6072
4025
8126
6080
4033
1987
4035
8131
8134
6088
1993
8138
1995
1996
1997
1999
8145
4052
2006
6104
4057
2012
6108
2013
6111
4064
4065
2019
6116
8167
2028
4076
4077
2030
4085
4086
2042
8186
8189
2046
4094
14
128
101
9
77
173
342
55
311
375
56
314
124
348
253
