502
0
1
1025
1026
3
5
6
7
10
11
12
20
22
23
25
26
27
29
30
31
36
37
39
41
46
50
54
56
57
59
60
61
62
65
66
68
70
71
79
82
83
84
86
89
90
91
93
97
99
101
104
105
107
108
109
110
111
112
113
118
120
124
126
129
130
132
134
135
137
138
140
143
145
148
150
153
157
159
160
162
164
168
170
171
174
175
177
178
179
180
182
184
185
188
192
193
196
198
199
201
203
204
205
206
208
209
217
220
221
222
223
224
226
227
231
232
234
237
238
241
243
244
246
251
252
255
259
261
262
264
265
266
267
268
269
272
273
280
283
285
288
289
291
292
296
299
300
301
302
307
308
309
312
313
314
315
316
321
322
323
326
330
335
338
339
340
341
342
344
345
346
348
349
352
355
356
358
359
360
361
364
366
368
369
370
371
373
375
378
380
384
385
387
389
393
394
396
397
398
399
400
402
403
404
406
412
413
417
419
423
425
427
429
433
435
436
442
443
444
445
448
449
450
451
452
454
455
460
461
463
464
466
468
470
472
474
476
480
483
484
487
488
491
493
495
498
499
501
504
506
507
508
509
510
511
513
514
515
517
518
520
522
524
527
531
535
538
540
547
553
558
560
562
563
571
572
573
575
576
577
580
582
583
584
588
589
590
592
597
598
599
601
603
605
606
607
611
613
614
617
618
619
620
627
628
629
630
631
632
634
636
637
639
640
642
643
644
648
650
651
652
653
655
656
658
659
660
663
666
667
670
671
672
674
675
677
681
682
683
684
685
695
696
698
699
700
701
703
708
709
710
711
712
713
716
717
718
719
722
723
725
726
728
729
730
731
732
741
742
743
746
747
749
750
754
755
759
760
762
763
764
765
766
767
768
769
774
780
781
783
784
789
790
792
793
794
798
799
800
801
802
803
804
807
808
809
812
813
817
818
820
824
825
826
828
833
834
835
837
841
842
846
850
851
852
854
860
861
862
864
865
867
869
872
873
877
878
879
885
886
887
890
891
892
893
895
896
897
908
909
910
912
914
915
920
921
924
926
927
929
930
934
935
937
939
941
943
946
947
956
957
962
964
965
968
970
974
976
978
983
985
988
989
990
991
992
993
996
998
999
1002
1005
1007
1008
1009
1013
1014
1016
1017
1019
1020
1023
128
1
258
6
262
263
8
265
10
13
16
20
21
277
278
280
25
282
285
287
288
34
290
35
292
293
294
295
296
41
297
298
44
45
301
46
50
306
308
53
54
55
58
316
63
320
66
322
323
68
69
75
331
333
334
79
80
336
82
338
84
87
90
92
93
95
351
352
99
100
101
360
363
109
365
366
112
113
114
115
117
119
123
124
128
136
138
139
141
142
146
150
154
156
157
158
160
164
167
169
170
172
182
188
190
191
192
193
195
196
199
200
202
205
207
212
213
214
215
216
218
222
223
234
236
238
239
244
253
