1195
0
4100
2057
8204
4110
8206
2063
8207
2064
6160
23
24
2074
2075
29
31
32
6177
34
6180
8228
2085
2087
8233
2091
8236
8239
6193
4146
8242
55
2103
6199
2104
6200
58
4154
6204
62
8254
6207
6209
2115
6212
4165
8261
4166
71
6215
8264
6217
6218
2124
4172
78
2126
6222
80
8272
2129
4179
6227
84
2132
2133
8282
4188
8284
8288
2145
8289
4194
8290
6245
102
8294
6249
8297
2154
110
2159
4209
8305
2162
4213
6262
2167
4215
2168
4223
2177
6277
4232
6284
143
2191
2196
149
6293
150
4246
2199
152
153
2201
4252
2205
158
4254
4255
6303
2208
162
2210
2211
2212
167
2215
171
2219
2221
6317
2225
4273
178
2227
183
185
4281
6330
189
192
4288
194
2242
2249
6346
4301
2255
6358
2263
2264
6363
4322
6373
2282
2283
2285
239
2288
242
2292
4341
6390
2295
2296
249
2299
4348
6397
254
6400
2307
261
2309
2311
6408
265
2314
6412
269
6413
6414
4373
4374
279
2331
2332
4383
288
2336
290
6436
6440
297
298
303
6449
2355
308
4404
309
2357
6455
6458
2363
4414
319
4415
6464
6467
325
2373
6469
326
2375
6475
4428
2383
4436
2389
6487
344
2392
6490
2395
2399
6495
6496
4452
6500
2406
6502
363
2413
2417
2419
2422
2423
6520
2425
4473
6522
2430
383
4481
4482
4486
6535
6538
2443
2444
6540
4495
6546
2452
2456
4504
4509
415
4511
2468
4516
422
6568
427
4523
6572
431
2480
4528
2483
436
6580
2485
438
4535
440
2491
4546
2503
4551
2505
4553
460
6606
463
464
4560
467
468
471
4567
472
2521
4569
4571
2524
2526
479
4575
480
2531
6627
4581
6629
486
6630
4585
6633
6634
6635
492
4588
493
2542
496
2544
497
6643
502
2559
4608
514
4611
516
4613
4614
519
6668
6669
6670
6671
528
2576
6672
4625
6679
537
2588
4637
6686
2596
4647
554
555
6700
6701
2607
2609
6706
2611
6707
2613
2615
2617
4665
2618
4668
575
2625
6722
6726
2631
4679
4682
587
588
2641
6737
595
2644
4692
597
4694
600
603
605
6750
607
6752
6755
613
616
2670
2672
2674
4722
6771
2676
2678
631
632
2680
633
2681
634
6778
635
4731
6783
6784
2690
4738
6786
645
4741
6790
4744
2700
4755
660
661
2709
4761
6810
4767
2721
676
6821
4777
682
683
6830
688
692
4789
4791
4793
699
701
4805
6854
4808
718
4816
6865
6867
726
6870
2781
6878
6879
6882
6883
4836
744
2793
748
4844
4845
750
2799
4847
752
2801
2807
761
6907
764
4860
6909
2816
6912
771
2819
4871
776
777
2832
6928
785
6929
4882
787
6931
788
4885
790
2839
4889
2844
4892
6941
4894
2850
6953
2860
2861
817
6962
4915
6967
827
4927
6976
833
4931
839
6984
843
846
6990
848
2896
849
854
2903
4957
7005
2910
4958
7009
868
2916
870
2919
4969
2922
2925
881
4977
7026
7028
4985
897
4993
904
2952
905
5003
2956
7052
909
912
2960
7058
5011
916
7060
917
5013
7061
2968
924
932
7078
5033
2993
5042
2995
2996
5046
5049
3002
7102
959
7103
960
963
964
7109
966
969
5066
972
3021
3023
5074
5076
7125
5078
7127
988
989
7134
5087
992
993
3042
7138
997
5097
5103
7152
5105
3058
7156
7157
7160
1017
1018
1019
7166
1026
7171
1029
7173
5127
7175
1033
3081
7181
5134
7182
7184
1041
7186
7188
5141
7190
3095
1049
5150
7199
3108
7204
5159
5160
7208
3113
1066
7210
1067
7212
3117
7213
1070
1071
3121
1074
7219
3133
7229
1088
5191
3144
1097
1102
1103
7257
5211
7259
1117
7262
7263
5219
7268
7270
1129
3182
5231
3184
1140
7284
3190
5238
1144
5245
3199
1152
1153
3201
1154
1155
3204
7300
1161
1163
1164
3213
5261
5264
7312
5265
1170
1172
7318
1175
1176
7321
7323
3228
5276
7326
5282
5285
7334
7336
1193
1194
7338
1195
3243
3247
7344
5299
1207
5306
3261
1214
7358
3263
7365
5319
5320
7370
5323
5325
3278
5327
7378
3285
5333
3286
5334
7382
1239
5339
1244
1245
5341
7389
5345
1250
3298
5348
7397
5350
1256
3304
5356
1261
3309
1262
3310
7406
7407
7409
1269
5365
3319
1272
1278
7422
3328
5379
3332
7429
7430
1291
5392
3345
1299
1303
5400
1307
5404
5405
7453
1311
5409
5413
7461
5414
7463
3371
5419
7470
1327
5423
1328
3376
3377
7475
3385
5433
1342
7489
1350
1352
1353
7498
1355
1360
5457
7508
5462
7510
5466
1371
7516
1377
7522
3427
5476
7525
1389
7536
7538
5491
3447
7543
3452
1406
1411
1414
3462
3464
1417
5516
7564
3470
5519
7567
3472
1425
5521
3474
7571
7576
7577
3490
1443
3497
7593
3499
1453
3501
1455
3504
7602
7603
1463
5561
1468
5564
7612
1470
3518
3519
5568
1478
3526
5575
5576
5578
1483
3531
7630
5585
1496
3545
7644
1503
3554
1510
1511
3560
3563
7659
1516
5612
5615
7663
5617
7665
7670
3576
1533
7677
5630
7678
5631
7679
1536
5632
7681
1538
3590
1544
3592
7688
7689
1550
1553
5650
7699
1556
7700
3606
7704
1562
5659
3612
5661
7713
5668
1574
7719
1576
3624
5673
1579
7723
1584
7729
1588
5687
5691
3644
5692
7741
7742
3647
1600
3648
5697
7746
1604
3656
7753
1613
1614
1615
3663
5712
3665
1619
3669
5719
3672
5720
1626
7774
7775
3681
5733
3690
1651
3699
5747
1654
7798
1655
3703
3704
5752
5753
5756
7806
5760
3716
3717
7814
3719
1672
3722
7818
1678
5774
1679
5775
1680
3731
1684
1688
1690
3738
5786
5787
5789
7838
1695
3743
5792
1697
1700
7844
7846
7847
1707
1709
3761
7857
3763
5812
5813
3767
1720
3771
5819
7867
1728
5826
3781
3782
1738
3786
5834
3787
3788
3791
5839
1746
1747
3799
7897
5850
1755
7901
5854
5856
3811
3812
5860
1765
3813
5864
1769
3817
3818
5867
7916
7917
3824
1778
7922
7925
7926
1787
3835
7931
3837
1791
7935
1792
7941
5896
7944
3849
7946
1803
5900
7952
1809
3858
1811
1813
7958
3863
7959
7960
3865
5913
7961
3866
1820
3870
1825
3877
7973
5930
1835
3883
1836
1837
5934
1839
3887
5935
3889
1842
3890
5938
5941
7996
3901
1858
8002
5956
1862
3910
1864
5961
8012
3917
1871
3923
5972
8020
3925
1878
3928
5977
5978
3931
5980
1885
3933
1888
3936
5986
1891
8035
5991
3944
3945
8041
8042
8043
3948
3950
3957
3958
8054
8056
8057
8059
8062
1919
3967
1922
1925
3973
3976
3977
1931
3979
6028
8076
1934
3984
6033
3989
6038
3991
6039
1944
3999
1955
4005
1959
6057
4010
6058
8109
1966
6062
8110
1970
4018
4020
4022
6070
8118
4025
4027
6076
1982
6078
1983
6081
6087
1993
6089
1994
8139
1997
8141
6095
4049
6098
2003
4053
6101
6104
8152
2009
8157
2014
4062
4063
6111
6112
4065
6113
6119
2024
4072
6120
6121
8171
8173
2031
4079
2032
8177
2039
8184
8185
6140
2046
6142
4095
4
0
115
22
134
